245	81
245	82
245	81
244	82
245	82
245	82
245	82
246	81
247	81
247	81
247	81
247	81
251	81
251	81
252	81
251	81
251	81
251	81
251	82
251	82
251	83
251	84
251	85
251	84
252	84
252	82
253	83
253	84
253	84
253	84
253	83
252	83
252	83
249	85
247	87
247	87
253	84
252	84
252	84
251	85
250	87
250	87
250	87
250	87
250	87
249	87
249	88
249	88
248	88
249	88
249	88
249	87
249	87
249	87
249	88
249	88
249	86
249	87
249	87
249	88
248	89
248	89
246	90
248	89
246	90
248	88
246	89
246	89
246	89
241	90
245	90
245	91
245	91
246	91
247	92
246	92
247	92
247	92
247	93
247	93
247	93
248	92
248	92
248	92
247	92
247	92
247	92
247	91
246	92
246	92
248	92
248	93
248	93
248	93
248	93
248	93
248	93
243	93
247	93
247	93
247	93
247	92
246	92
246	92
246	92
245	91
244	92
246	88
245	90
245	88
245	90
244	89
244	89
243	89
244	89
244	89
243	89
244	88
244	88
244	88
245	89
246	88
245	88
245	88
246	88
246	87
247	87
246	88
246	88
247	88
247	87
246	87
246	88
246	88
246	87
246	88
247	87
247	87
247	87
245	89
245	88
246	88
245	87
245	87
245	88
245	88
246	88
245	87
241	89
241	89
244	87
244	88
244	87
244	88
244	88
244	88
243	89
241	89
243	88
243	88
241	90
240	90
240	90
240	90
240	90
239	90
241	90
238	91
241	90
241	90
242	89
242	89
242	90
242	91
241	91
241	91
242	92
241	92
241	92
241	92
241	94
241	94
241	95
240	95
241	95
242	95
242	96
241	96
242	96
242	96
242	96
242	98
241	99
242	99
242	100
241	101
242	101
242	102
243	102
242	103
243	104
243	105
243	105
242	105
241	107
242	107
242	107
242	107
241	107
240	108
240	109
241	108
240	109
240	110
240	110
240	111
240	112
238	113
237	114
235	115
235	115
235	115
236	115
236	116
236	117
235	116
235	117
234	117
233	118
233	118
235	119
233	119
231	120
230	119
229	120
229	121
230	121
229	122
230	123
230	123
230	124
230	124
229	125
229	124
229	123
228	123
227	123
227	125
226	124
226	123
226	123
226	124
226	124
226	124
227	124
226	124
226	124
227	124
226	124
227	124
227	124
226	124
226	126
226	125
226	126
226	127
226	128
226	128
225	129
226	129
226	128
227	129
227	130
227	131
228	131
228	131
227	132
228	133
228	133
229	132
229	133
229	133
229	133
231	134
231	134
231	134
232	134
232	135
233	134
233	133
234	132
234	133
234	132
233	132
234	132
234	131
234	132
235	132
235	132
235	132
231	133
232	134
233	134
234	133
236	133
236	134
236	135
236	135
237	135
236	136
237	136
237	136
237	138
237	138
237	137
237	136
237	136
236	135
236	135
237	136
237	135
237	135
237	135
237	135
236	136
236	136
237	136
237	135
237	135
237	135
236	135
236	135
236	135
237	134
238	134
238	134
239	134
239	134
239	134
239	135
239	135
238	135
238	137
237	137
238	137
238	138
238	138
238	138
237	139
238	138
239	138
239	138
239	138
239	138
239	139
239	138
239	138
240	138
240	138
239	137
237	137
238	137
238	137
238	137
238	137
239	137
239	136
238	136
238	136
238	136
238	135
238	135
239	136
237	135
235	134
235	135
235	135
235	135
235	135
235	135
235	135
235	135
235	135
235	135
235	135
235	135
235	135
235	134
235	134
235	133
237	134
236	134
236	135
236	135
236	134
236	135
236	135
235	135
235	135
236	135
235	135
236	136
235	135
235	136
235	135
235	136
235	136
234	135
234	136
234	136
235	137
235	137
235	137
235	137
235	137
235	137
235	138
235	137
236	137
236	138
235	139
235	139
235	139
236	138
236	139
236	138
237	139
237	138
237	138
237	139
237	139
237	139
237	139
237	139
237	139
237	139
237	139
237	139
238	139
238	139
238	140
238	140
238	140
238	139
239	140
239	140
239	141
239	141
239	140
239	141
239	140
239	141
239	141
239	141
238	141
238	141
239	142
239	142
239	142
238	142
238	142
239	142
239	143
239	143
239	143
239	143
239	143
239	143
239	143
239	143
239	143
239	143
238	143
238	143
238	143
238	143
238	143
238	142
238	141
238	141
238	143
238	143
238	143
238	143
238	143
238	143
238	143
238	143
238	143
238	143
238	143
238	144
238	144
238	143
238	143
238	143
238	143
237	143
237	142
237	142
237	140
237	140
237	141
237	142
237	141
237	141
237	142
237	142
237	142
237	141
237	141
237	141
237	142
237	142
237	142
236	142
236	142
236	143
236	143
236	143
236	143
236	143
236	143
236	143
236	143
236	143
236	143
236	143
236	143
236	144
236	144
235	143
236	143
236	143
236	143
236	142
236	142
235	142
235	142
236	141
234	142
235	141
234	141
235	141
235	141
235	141
235	141
235	141
235	141
235	142
235	142
235	142
235	142
234	142
234	142
235	141
235	141
235	141
235	140
235	140
234	140
234	140
235	140
235	139
235	139
235	139
235	138
235	138
235	138
235	138
234	139
234	139
234	138
233	138
232	138
232	139
231	138
230	138
230	138
230	138
230	138
230	138
230	138
230	138
230	138
230	138
230	137
230	137
231	136
230	136
231	136
230	135
230	134
230	134
230	134
231	134
229	134
229	135
229	135
229	135
229	135
229	134
229	134
229	134
228	134
228	134
228	133
229	133
229	133
229	133
229	133
229	133
229	133
230	133
229	132
229	132
229	132
229	132
229	132
229	130
229	131
229	130
229	130
229	130
229	130
229	130
229	131
229	130
229	129
229	129
229	132
229	132
229	132
230	131
230	131
230	132
229	132
229	132
229	132
229	132
229	132
229	132
229	132
229	132
229	132
229	132
229	132
229	132
229	133
229	132
229	133
229	133
229	133
229	133
229	133
229	133
229	133
229	133
229	133
229	133
230	131
229	131
229	132
229	131
229	131
229	131
229	130
230	131
229	127
229	127
229	126
229	129
229	129
229	129
229	129
229	130
229	130
229	130
229	130
230	131
230	131
230	131
231	131
231	132
231	132
231	132
231	132
230	131
231	130
231	130
232	130
232	130
232	131
232	130
233	131
232	131
232	131
232	131
232	130
232	129
234	131
234	130
234	129
234	129
235	130
235	130
236	132
236	133
236	133
236	133
236	133
236	133
236	134
237	134
236	134
236	134
237	134
236	134
236	134
236	134
237	133
237	134
237	134
237	133
237	133
237	133
237	133
237	133
237	133
237	133
237	133
236	132
236	131
236	131
236	131
236	131
236	131
236	131
236	131
236	131
236	132
236	131
236	131
236	131
235	131
235	130
235	130
235	130
235	130
234	130
235	128
234	126
234	128
234	128
234	129
234	129
234	129
234	129
234	129
232	129
231	129
227	128
224	129
220	130
218	130
214	130
212	130
209	130
206	130
203	130
201	130
199	131
195	132
193	132
191	132
188	132
186	132
184	133
183	133
181	134
179	134
178	134
176	134
175	134
174	134
172	134
170	134
169	134
168	134
167	135
166	136
165	136
164	136
164	136
162	137
162	137
161	137
160	138
159	138
158	138
158	138
157	138
156	139
155	139
155	139
154	138
154	138
153	138
154	138
154	138
153	137
153	137
153	137
153	136
154	136
154	136
154	136
154	136
153	136
153	136
153	136
153	135
153	135
153	136
153	136
153	136
152	137
152	137
152	137
152	137
152	136
152	136
152	135
152	135
152	136
150	136
149	135
148	135
148	136
147	135
147	135
146	135
145	135
145	135
145	136
145	135
145	135
144	135
144	135
144	136
143	136
143	136
143	136
143	135
143	135
143	136
142	136
142	136
143	136
142	136
142	136
142	136
142	137
142	136
142	136
142	136
142	136
142	136
142	136
142	135
142	136
142	136
142	135
142	135
142	135
141	136
141	135
141	135
141	135
141	135
141	135
140	135
140	135
140	135
139	134
139	134
139	134
139	134
139	134
139	134
138	134
138	134
138	134
138	134
138	135
138	134
137	135
137	135
137	135
137	135
137	135
136	135
136	135
136	135
136	135
136	136
136	136
136	136
136	136
136	135
136	135
137	135
137	135
138	135
138	135
138	135
138	136
138	135
139	134
141	134
142	133
142	133
144	132
144	132
144	132
144	132
144	132
144	132
144	132
143	131
143	131
143	131
142	131
142	131
142	131
141	131
141	131
141	131
140	131
140	131
140	131
140	130
140	130
140	130
140	130
140	130
140	130
140	130
139	130
139	130
139	130
139	129
139	129
139	129
139	130
138	129
138	130
138	130
138	129
138	130
137	129
137	129
137	129
137	129
137	129
137	129
137	129
137	129
137	129
137	129
137	129
137	130
137	130
137	130
137	130
137	130
137	130
137	130
136	130
137	130
136	130
136	131
136	131
136	131
136	131
136	131
135	132
135	132
135	132
135	132
135	132
135	132
135	132
134	133
134	133
134	133
133	133
133	133
133	133
133	133
133	133
133	133
134	132
133	132
133	132
133	132
133	132
133	132
132	131
132	131
132	131
132	131
132	131
132	131
132	131
132	131
132	131
132	131
132	131
132	131
133	131
133	131
133	131
133	131
134	131
134	131
134	131
134	131
134	131
134	131
134	131
134	131
134	131
134	131
135	130
135	130
135	130
134	130
134	130
135	130
135	130
135	130
135	130
135	130
135	130
135	130
135	130
135	130
136	130
135	130
136	129
136	129
136	130
136	129
136	130
135	130
135	130
135	129
135	129
135	129
135	130
134	130
134	130
134	130
134	130
134	129
135	129
135	129
135	129
134	129
134	128
135	128
135	128
135	128
134	127
134	127
134	127
134	127
134	127
134	127
135	127
134	127
134	127
134	127
134	127
134	126
134	125
134	125
134	125
134	124
134	124
134	124
134	125
134	125
134	125
133	125
133	125
132	125
133	125
132	125
132	125
133	125
133	125
133	124
133	124
133	124
133	123
133	123
134	123
134	123
134	123
134	123
134	123
134	122
134	122
134	122
134	122
134	122
134	122
134	121
135	121
136	120
138	120
140	120
143	120
144	120
145	120
145	119
146	119
146	119
146	119
146	119
146	118
145	119
145	119
145	119
146	119
146	120
146	120
145	121
145	120
145	121
145	121
145	121
145	121
145	122
145	122
145	123
145	123
145	124
146	124
146	124
146	124
146	125
146	125
147	125
147	126
147	126
147	126
147	127
147	126
147	127
147	127
147	127
147	127
147	127
147	128
147	127
147	127
147	127
147	127
147	127
147	127
147	127
147	127
147	127
147	127
146	127
146	127
147	127
146	127
146	128
146	128
146	128
146	128
146	128
146	128
146	127
146	127
146	127
146	127
146	127
146	127
146	127
146	127
147	126
147	127
148	127
151	126
154	128
158	131
160	134
282	131
284	132
277	127
278	126
278	127
279	128
279	128
278	129
277	129
277	130
277	130
276	131
274	132
272	131
270	132
268	131
266	131
263	132
263	132
261	132
261	131
260	132
259	131
258	130
258	131
257	131
257	131
256	131
256	132
255	132
255	133
254	133
254	133
253	133
253	133
252	133
251	132
251	134
251	134
250	134
250	134
250	134
249	134
249	134
249	134
249	134
248	133
247	132
245	130
243	130
242	129
241	130
237	129
235	128
232	126
230	126
229	125
228	125
228	125
228	125
228	126
228	126
228	126
229	125
229	127
228	127
228	127
228	126
228	127
228	127
229	127
229	128
229	126
229	127
229	127
229	127
228	127
229	127
228	126
228	126
229	126
228	126
228	126
228	126
228	125
227	126
227	126
227	126
227	126
228	126
227	126
227	126
227	126
228	126
228	125
228	126
228	126
228	125
228	126
228	126
228	126
229	126
230	125
231	125
233	125
235	123
236	124
237	123
238	123
238	124
238	124
238	124
237	124
237	125
237	124
237	124
237	124
237	124
237	124
237	123
236	122
236	122
236	121
236	121
236	121
236	121
236	121
236	120
235	121
236	121
235	121
235	121
235	121
235	121
235	121
235	121
234	121
234	121
234	121
234	121
234	121
233	121
234	119
233	120
233	120
233	120
233	120
233	119
232	120
232	121
232	120
233	121
233	120
233	122
232	121
233	121
233	120
233	120
233	119
233	119
233	120
233	120
233	120
233	120
233	120
233	119
232	118
233	117
232	117
232	117
232	118
232	117
232	118
231	117
232	117
232	118
231	118
231	117
231	117
231	116
231	116
232	116
231	117
231	117
231	117
231	117
231	117
231	118
231	117
231	118
230	118
230	118
230	117
230	118
230	118
230	118
230	118
229	118
229	118
231	118
231	117
230	117
230	116
229	116
230	118
229	117
230	117
229	117
229	118
229	118
229	118
230	118
230	117
230	117
230	118
229	118
230	118
230	118
230	118
230	118
231	117
231	117
231	118
231	118
231	117
231	117
231	118
232	118
232	118
231	118
231	118
231	118
232	118
231	118
231	118
231	118
231	117
231	116
231	116
231	116
231	116
231	115
230	115
230	115
230	114
231	113
230	113
230	112
230	112
230	112
230	113
230	112
230	112
230	112
230	112
230	111
229	112
229	112
229	111
229	111
229	112
229	113
228	112
228	113
228	113
229	113
229	112
228	114
228	114
228	114
228	114
229	114
228	114
228	114
229	114
229	112
229	113
229	113
228	113
225	113
223	113
220	112
217	111
215	112
212	112
209	112
207	113
204	114
202	114
200	114
198	115
196	115
194	116
192	116
189	117
187	118
184	118
183	118
181	118
179	119
177	119
176	120
173	120
171	120
169	121
168	121
166	121
165	122
163	123
161	123
160	124
159	124
158	125
156	126
155	126
154	126
153	127
152	127
150	128
150	129
149	129
148	129
148	129
147	129
146	129
146	129
144	129
143	129
143	129
143	129
142	130
142	130
141	130
141	130
140	130
139	130
139	131
138	131
138	131
137	131
137	131
136	132
136	132
135	132
134	133
134	132
133	133
132	134
131	133
130	133
130	133
130	133
129	133
128	133
128	134
127	134
126	134
125	134
125	135
124	135
123	135
122	135
122	136
121	136
120	136
120	137
119	137
119	136
118	137
118	137
117	137
117	138
116	137
115	137
116	137
116	138
115	137
116	137
115	138
115	137
116	137
116	137
116	137
116	137
116	137
116	136
116	137
117	137
116	137
117	137
117	137
117	137
118	137
117	137
117	136
118	137
118	137
118	137
119	137
118	137
119	137
119	136
119	136
119	137
117	137
116	136
115	136
114	136
114	136
113	136
113	136
113	137
112	137
111	136
111	136
111	136
111	135
111	136
111	136
110	136
111	136
110	136
110	136
110	136
110	136
109	136
108	135
109	136
108	135
108	136
109	136
108	136
108	135
107	135
107	136
108	135
107	136
107	136
107	136
106	136
107	136
107	136
107	136
107	136
106	136
106	136
106	135
107	135
106	136
106	135
106	135
107	135
106	135
105	135
106	134
106	134
106	134
106	135
106	135
106	135
105	134
105	134
105	133
105	133
104	133
105	133
104	133
105	133
105	132
105	132
104	132
105	133
105	132
104	132
105	132
105	132
105	132
105	132
105	133
105	132
105	132
105	133
105	133
105	133
105	133
106	133
106	133
106	133
107	133
108	133
107	134
108	135
108	134
108	134
108	134
109	133
108	134
108	134
109	133
109	133
109	133
109	133
109	134
109	134
110	133
110	134
110	134
110	134
111	133
111	133
111	133
111	132
111	133
111	132
111	133
110	132
110	131
110	132
111	131
110	132
109	131
110	131
110	131
109	132
111	132
109	132
110	132
111	133
111	133
112	133
111	133
112	133
113	132
112	133
113	133
113	133
113	133
114	133
114	132
114	133
114	132
114	133
115	133
116	132
116	133
116	133
117	133
117	133
117	133
116	133
117	133
117	132
118	132
118	133
119	132
119	133
119	132
120	132
120	131
121	131
121	131
121	132
123	132
123	132
124	131
124	132
125	132
124	131
126	132
126	132
127	132
126	131
127	131
127	131
127	130
127	131
128	130
128	130
128	130
129	131
128	131
129	131
130	131
129	130
130	130
130	131
130	130
130	130
130	129
130	130
129	129
130	129
129	128
130	129
129	128
129	128
129	128
129	129
129	129
129	128
129	128
129	129
130	129
129	128
130	128
129	129
129	129
129	129
129	128
129	129
129	129
130	129
130	129
129	130
130	130
130	130
130	131
130	130
129	131
130	131
130	131
130	131
131	131
130	131
130	131
131	132
130	131
130	131
131	131
130	131
130	132
130	131
131	131
130	132
131	132
131	130
130	131
131	130
132	130
131	130
132	129
132	130
132	129
132	129
133	129
133	129
133	129
132	129
133	130
133	129
133	129
134	129
133	129
134	129
134	129
135	129
134	129
135	129
135	129
136	130
135	130
136	130
136	131
135	131
135	131
135	132
135	131
136	132
136	131
136	131
136	131
136	131
136	131
136	131
136	131
136	132
137	132
136	132
137	132
137	133
137	132
137	133
138	133
138	133
137	133
137	133
137	132
136	133
137	134
137	134
137	133
137	133
137	134
136	133
137	133
137	133
136	133
136	133
136	132
137	132
137	132
137	132
137	131
136	131
137	130
137	130
136	131
136	131
137	130
136	130
136	131
136	131
136	132
136	131
136	131
136	131
137	131
137	132
137	132
137	132
138	133
138	132
138	133
137	133
138	133
138	133
138	133
138	133
138	134
139	133
139	133
139	134
139	133
139	133
139	132
139	132
139	132
140	133
140	132
140	131
140	132
141	132
140	131
140	131
140	132
140	131
140	131
140	130
140	130
140	130
140	130
140	131
140	130
140	130
140	130
140	129
140	129
140	129
139	129
139	129
139	129
139	128
139	127
139	127
139	126
139	126
139	126
139	126
139	125
139	126
139	126
139	126
139	127
139	126
139	126
139	127
138	127
138	127
138	128
139	128
139	128
139	128
139	128
138	128
139	127
138	128
139	128
139	127
138	128
138	128
139	128
139	128
139	128
138	128
139	130
139	129
139	129
139	129
139	129
140	129
139	129
139	130
139	129
140	129
139	129
139	129
140	129
139	129
140	130
139	129
140	130
139	131
139	130
139	130
139	129
139	129
139	130
139	129
139	129
140	129
140	128
140	129
139	129
139	129
139	128
139	129
138	129
138	129
138	130
138	130
138	131
138	131
138	131
138	132
138	132
138	133
138	133
138	133
138	133
138	133
139	134
138	133
138	134
138	133
138	134
139	134
139	134
139	134
139	134
139	135
139	134
138	134
138	134
139	134
138	134
137	135
138	134
138	134
138	134
137	135
137	134
137	134
137	134
137	134
137	134
137	133
137	133
136	133
137	134
136	133
136	132
136	132
135	132
135	132
135	131
134	132
134	131
134	131
134	130
134	131
134	130
134	130
133	129
133	128
133	128
133	127
132	128
132	127
132	127
132	127
132	126
132	125
132	125
132	125
131	124
131	124
131	123
131	123
131	123
131	123
131	123
131	123
131	122
131	122
131	123
131	123
131	122
131	123
130	122
130	121
130	122
130	122
130	122
129	121
130	121
129	121
129	120
129	120
129	120
129	120
129	121
129	120
129	120
129	121
129	121
129	120
128	121
129	121
128	121
128	121
128	122
128	122
127	121
127	121
127	121
127	120
128	120
128	120
128	120
127	120
127	119
127	119
127	118
127	118
127	118
127	117
126	117
125	117
126	117
126	117
126	116
126	116
126	116
126	115
125	115
125	115
125	115
125	114
125	113
124	113
124	112
124	112
124	112
124	111
124	111
124	111
124	110
124	111
124	110
125	111
125	111
125	111
125	111
124	112
125	112
125	112
125	112
125	113
125	113
126	113
126	114
126	113
129	112
131	112
135	110
138	109
142	109
146	107
148	106
152	105
154	104
158	103
162	102
165	101
169	100
172	99
177	98
180	99
185	98
189	97
193	97
197	96
201	95
205	94
210	94
213	94
217	95
222	95
224	93
228	94
231	94
234	96
237	96
240	97
243	98
247	98
249	101
251	101
253	102
256	104
257	106
257	107
260	108
260	109
260	110
260	110
259	111
258	111
256	112
255	112
254	111
253	112
252	113
251	112
251	113
249	113
248	113
247	114
246	112
245	112
244	111
243	112
242	114
241	115
240	113
239	115
237	115
237	115
236	115
235	116
234	115
234	116
234	116
233	116
233	116
233	116
233	116
232	116
231	116
232	116
232	116
232	116
232	116
231	116
231	116
228	114
224	114
220	112
218	111
215	110
214	110
212	111
211	109
210	108
210	110
211	108
210	107
210	107
210	107
210	109
210	108
210	107
210	108
210	106
209	105
209	107
209	105
210	106
209	105
210	107
209	106
210	107
209	107
209	106
209	106
209	107
210	107
210	108
210	107
210	108
210	107
211	108
211	107
212	107
212	107
211	106
212	107
212	107
212	106
212	106
213	106
213	107
213	106
213	107
213	107
214	107
213	105
214	106
216	104
218	105
219	105
219	104
220	104
221	104
220	104
221	103
221	103
221	101
220	102
221	101
221	101
221	101
222	101
221	101
222	100
222	101
221	101
221	101
222	101
222	101
221	101
222	101
221	101
221	102
221	100
222	101
221	100
221	101
221	101
221	100
221	100
221	101
221	100
221	100
221	100
221	100
221	99
220	100
220	99
220	99
220	98
220	98
219	98
219	99
219	99
218	99
218	98
218	97
218	99
218	99
218	99
218	99
217	98
217	98
217	98
217	99
217	99
217	99
217	99
217	99
217	99
217	99
217	98
217	98
217	98
217	98
216	97
217	97
217	98
217	98
217	97
217	97
216	98
216	97
217	97
217	97
217	97
217	97
218	97
217	96
217	97
218	95
218	95
218	95
218	97
218	97
218	96
219	98
219	97
219	98
219	96
219	96
219	97
219	97
219	95
219	96
219	98
219	97
219	98
220	98
219	98
220	98
220	99
219	99
219	96
219	98
219	99
219	99
219	99
218	99
218	99
218	100
217	100
218	100
217	99
217	100
217	100
217	101
216	102
217	101
216	100
217	101
216	102
216	101
216	101
216	102
216	102
216	102
216	102
216	101
216	102
216	102
216	101
216	102
217	102
216	101
217	101
216	102
216	101
217	101
217	102
217	101
217	97
217	98
217	99
217	100
217	102
217	102
217	102
217	101
217	102
217	102
217	102
217	101
217	101
217	102
217	101
218	103
217	101
218	102
218	102
218	102
218	102
218	103
217	102
217	100
217	101
217	101
217	100
217	100
216	99
216	99
217	100
216	100
216	100
216	100
216	98
215	96
215	99
215	97
215	99
215	98
214	98
214	98
214	100
214	100
214	98
213	99
213	99
213	99
212	98
212	97
212	98
211	98
211	98
211	98
211	97
211	96
211	98
211	97
211	98
211	99
211	99
211	100
210	98
210	98
210	98
210	98
212	97
210	97
210	96
211	97
211	98
211	97
210	96
210	97
211	97
211	97
211	96
212	97
212	94
212	94
212	96
211	96
211	97
212	98
212	98
212	99
212	99
212	98
212	97
212	97
211	99
211	99
212	99
212	98
212	98
212	99
212	99
212	99
213	98
213	99
213	98
213	97
212	97
213	98
212	98
213	97
212	97
213	98
213	96
214	97
214	98
214	96
213	95
214	98
215	96
215	97
215	97
215	98
215	97
215	97
215	98
215	98
214	99
212	99
210	98
205	99
202	101
200	101
198	101
196	102
194	103
192	104
191	102
189	103
187	103
186	105
184	105
182	106
181	107
180	106
178	106
177	106
176	107
175	107
174	108
172	108
169	108
167	108
165	108
164	108
162	108
160	109
158	109
155	108
153	109
151	109
148	109
144	110
143	110
141	110
140	110
138	109
136	110
134	109
133	109
132	110
131	110
130	110
129	109
128	109
128	108
127	109
126	109
126	109
124	108
123	108
124	108
123	107
123	108
122	107
122	107
122	107
123	107
123	107
122	107
123	107
122	107
122	107
122	107
121	106
122	107
122	107
123	106
123	106
124	106
123	107
123	106
123	106
123	107
123	106
123	106
122	107
123	107
123	107
123	107
123	107
123	107
123	106
122	106
122	106
123	106
122	105
122	105
123	104
122	104
122	104
123	104
122	104
123	103
122	103
122	102
122	103
122	102
122	102
122	102
122	102
122	101
122	101
122	100
122	100
122	101
123	100
124	100
124	100
124	100
125	100
124	99
125	99
125	99
125	99
126	99
125	99
124	99
123	100
123	99
123	100
123	100
122	99
123	100
124	100
123	99
124	99
124	98
125	99
125	98
126	98
126	98
126	98
126	98
127	98
127	98
127	98
127	98
128	98
128	98
128	98
128	98
129	98
129	98
129	97
129	98
130	97
130	98
130	97
130	97
130	97
130	96
131	96
130	96
130	96
129	96
130	95
130	95
130	95
129	96
130	96
129	96
129	95
129	95
129	95
129	94
129	94
129	94
129	94
129	94
129	93
128	93
128	93
128	93
128	93
128	93
127	93
127	93
127	93
127	93
127	94
127	93
127	94
127	93
126	94
127	93
126	94
126	92
127	92
126	92
126	92
126	92
126	91
126	91
126	92
125	91
125	92
125	92
125	92
125	92
125	92
125	93
125	94
124	93
125	94
125	94
125	94
125	95
124	95
124	95
124	95
124	95
125	95
124	95
125	95
124	94
124	95
124	95
125	96
124	96
124	96
125	96
125	96
125	96
125	95
124	96
125	95
125	95
125	95
124	95
125	94
124	95
124	95
124	95
124	94
124	94
124	94
124	94
123	94
123	95
124	95
123	95
124	94
124	95
124	95
124	95
124	96
123	96
123	97
123	97
123	97
123	97
123	98
123	99
123	99
123	99
123	99
124	100
124	98
124	99
123	100
123	99
123	99
123	100
124	100
124	99
123	100
123	99
123	100
123	100
123	101
123	101
122	100
123	100
123	100
123	100
123	100
122	100
122	100
123	100
123	101
123	102
123	102
123	103
123	104
124	103
123	104
123	104
123	103
123	103
123	104
123	104
123	103
123	104
123	104
123	103
123	104
123	103
123	103
123	103
123	103
122	103
123	103
123	103
122	103
122	103
122	103
121	102
122	102
121	102
121	103
121	103
121	103
121	102
120	102
121	102
120	102
120	103
120	102
120	102
119	102
120	102
120	100
120	101
120	101
120	101
120	100
120	101
120	99
120	100
120	99
121	100
121	99
121	99
121	98
120	99
121	99
121	99
121	99
121	99
121	99
122	99
122	99
122	99
122	99
122	98
122	98
123	98
123	98
123	98
124	98
124	97
124	97
125	97
125	97
124	97
125	97
125	97
125	96
125	97
125	97
126	97
125	96
126	97
126	97
126	96
126	97
125	96
126	97
125	97
126	97
126	97
126	98
126	98
126	98
126	99
126	100
126	101
126	100
125	102
125	104
122	107
124	108
118	112
121	112
119	110
124	108
124	108
122	110
124	113
125	110
120	111
121	111
122	110
120	111
122	111
123	110
123	110
123	109
123	110
123	109
123	109
122	112
121	112
122	111
123	111
123	111
124	110
124	110
124	110
124	110
124	109
124	111
123	110
124	110
123	110
123	111
123	110
123	111
123	111
123	110
122	110
122	110
123	110
122	110
122	110
122	110
122	110
122	110
122	110
122	110
122	109
121	109
122	108
121	109
121	109
121	109
121	108
121	107
121	107
121	108
120	107
121	107
121	107
121	107
120	107
120	107
120	107
120	107
120	107
119	106
119	106
119	106
118	106
118	105
118	106
118	106
118	106
118	106
117	106
117	106
117	105
117	105
116	105
116	105
116	105
117	105
116	104
116	105
116	104
115	104
115	104
115	104
115	104
115	104
114	104
114	104
114	104
114	104
114	104
115	104
114	103
114	103
114	104
114	103
113	102
114	102
114	102
114	102
113	102
113	102
114	101
113	101
114	100
114	101
113	101
114	100
113	99
113	98
114	99
114	98
114	98
114	98
114	98
114	98
114	97
114	97
114	97
114	97
114	97
114	97
114	97
114	96
115	97
114	97
115	96
115	96
115	95
115	95
115	95
114	95
114	94
115	94
115	94
115	94
115	94
115	94
115	94
115	93
116	93
116	93
115	93
116	93
116	93
116	93
116	93
116	94
116	94
116	94
115	94
116	95
117	94
117	94
116	94
117	94
117	94
117	95
118	95
118	95
118	94
118	95
119	95
119	96
118	96
119	96
119	96
119	96
119	96
119	96
119	96
119	97
120	96
120	96
119	96
120	96
120	96
120	96
120	96
120	96
120	96
120	96
121	95
120	96
121	96
121	95
120	95
120	95
120	95
120	95
120	95
120	94
120	94
120	95
120	95
120	95
119	95
120	94
120	96
121	95
119	95
120	95
120	95
120	96
120	96
119	96
120	96
120	96
120	97
120	97
120	96
119	97
119	97
119	97
120	97
120	98
120	97
120	97
121	98
121	97
121	98
121	98
121	98
122	98
122	98
122	98
121	99
121	99
121	99
122	99
122	100
122	100
121	100
121	100
121	100
121	101
120	100
120	101
121	101
121	100
121	101
120	100
120	101
120	100
120	100
120	100
120	100
120	100
120	100
120	100
120	100
120	100
120	100
120	100
120	100
120	100
120	100
120	100
120	101
120	101
120	101
120	102
120	102
120	102
120	103
121	103
121	104
121	104
121	105
121	104
121	105
122	106
122	106
122	105
122	105
122	106
122	106
122	106
123	105
122	105
122	104
122	104
122	105
122	105
122	103
122	103
122	103
121	103
122	103
122	102
122	101
121	101
121	101
121	100
121	100
121	100
121	99
121	99
121	99
120	99
120	98
119	98
120	98
119	99
119	98
119	98
119	98
119	98
120	98
119	98
119	98
119	98
119	97
119	97
119	98
120	98
119	98
119	98
119	98
119	98
119	98
119	99
119	99
119	99
119	99
119	99
119	99
119	99
120	99
119	99
119	98
119	99
119	99
120	100
120	99
120	100
120	99
119	99
119	99
119	99
119	99
119	99
119	99
119	98
118	98
119	98
118	98
119	98
119	97
118	98
118	97
118	97
118	97
118	97
118	96
117	96
118	96
118	96
118	95
119	94
119	94
119	93
119	93
120	92
119	92
121	92
120	91
121	90
122	90
122	89
122	90
123	90
123	90
124	90
125	91
125	91
126	91
126	90
126	92
127	91
128	91
128	91
128	91
129	92
129	92
129	92
129	92
129	92
129	93
129	93
129	93
129	92
129	92
128	93
128	93
127	92
127	93
127	93
126	93
126	93
125	94
124	94
125	94
124	94
124	94
123	95
122	95
122	94
123	95
122	95
122	95
123	95
123	96
122	95
122	95
122	95
123	96
122	96
123	96
122	97
123	97
123	98
123	99
122	99
123	99
123	99
124	100
124	99
124	100
125	100
125	101
126	101
125	101
126	101
127	102
127	101
127	101
127	102
126	102
127	103
127	102
127	102
127	102
128	102
128	102
128	101
128	101
128	102
128	102
128	102
128	103
128	104
127	103
128	102
128	102
128	102
128	103
129	101
130	101
131	101
131	100
132	100
132	99
132	99
133	100
133	101
133	101
133	100
133	100
132	101
132	100
133	101
133	101
131	101
131	101
131	102
131	102
131	102
130	103
130	103
130	103
130	103
130	104
129	104
129	104
129	105
129	106
129	105
129	105
130	105
130	105
130	106
130	106
130	107
130	107
130	107
130	107
130	107
130	108
130	107
131	108
130	108
130	108
130	108
130	108
130	108
130	109
130	109
130	110
130	109
129	110
130	111
130	110
130	111
130	112
130	112
130	112
130	113
129	113
129	112
129	114
129	113
129	114
129	114
129	114
129	114
129	115
129	115
130	115
128	115
129	116
129	116
129	117
128	116
129	117
128	116
128	117
128	117
128	118
128	118
128	117
127	117
127	117
127	118
126	118
126	118
126	117
126	117
126	117
126	118
126	118
126	119
126	118
126	119
126	119
126	119
126	118
126	120
126	119
126	120
126	119
126	119
125	120
126	120
126	120
125	120
125	121
125	121
126	121
125	122
125	122
125	122
124	122
125	122
125	123
125	123
125	124
125	123
125	123
126	123
126	123
125	123
125	123
125	123
125	123
125	122
125	122
125	122
125	122
125	122
125	122
125	122
125	122
126	122
125	122
125	122
125	122
125	122
125	122
125	121
125	122
124	122
125	122
125	122
124	121
125	122
125	121
125	120
125	121
125	120
125	120
125	120
125	119
125	119
125	118
125	118
125	118
125	118
125	118
125	117
125	117
126	116
126	116
126	116
126	115
125	115
126	115
125	114
125	114
125	114
125	113
125	113
125	112
125	112
124	113
124	111
125	111
125	111
125	111
125	111
125	111
124	110
124	110
124	109
124	109
123	109
123	110
125	110
124	109
123	109
123	110
123	110
123	110
123	109
123	109
123	108
124	108
124	109
124	109
125	109
124	108
125	108
126	108
126	108
127	108
127	108
128	108
129	109
129	108
129	109
130	110
130	110
131	109
132	110
132	110
133	109
133	111
134	111
134	110
135	110
135	111
135	111
136	110
137	110
137	111
137	110
138	110
138	110
139	110
139	110
140	109
140	110
140	110
141	110
141	110
141	110
141	110
142	110
141	109
141	109
142	108
142	109
142	109
143	109
143	109
143	108
143	108
143	108
143	109
143	109
143	109
143	109
143	109
143	109
143	110
142	110
142	110
142	110
142	110
141	110
142	110
142	110
141	110
141	110
141	110
141	109
140	110
140	110
140	110
139	110
140	110
139	110
138	110
138	110
138	110
137	110
137	110
138	112
137	111
138	111
137	112
138	112
137	112
138	113
137	113
137	113
137	113
137	113
137	113
137	113
138	113
137	115
138	113
138	113
137	114
137	114
137	113
137	114
137	114
137	115
137	115
136	114
136	115
136	115
136	115
136	114
137	114
136	115
136	114
136	114
136	114
136	114
137	113
136	114
136	114
136	113
136	113
136	113
136	113
136	112
136	112
136	112
136	112
136	112
135	111
136	111
136	111
136	111
136	111
136	111
135	112
135	112
136	112
135	111
135	112
135	111
135	112
135	112
136	111
137	111
136	112
136	111
136	112
137	111
136	111
137	111
137	112
137	112
137	112
136	112
138	112
137	112
137	112
137	113
137	113
137	113
138	114
138	113
138	113
138	114
138	114
138	113
137	113
137	112
137	112
137	111
138	112
137	111
137	110
136	111
137	111
137	111
137	110
137	110
136	110
136	110
135	109
135	110
135	109
134	109
134	109
134	108
133	108
133	108
134	108
133	108
133	107
134	107
133	107
134	107
133	107
133	107
133	107
133	106
133	107
133	108
133	107
134	107
133	107
134	107
134	107
134	107
134	107
134	107
134	107
135	108
134	108
134	108
134	108
135	108
135	108
135	107
135	108
136	108
136	108
136	107
136	108
136	108
135	108
135	108
135	108
135	109
135	109
135	109
134	109
135	108
135	109
135	109
135	108
136	108
137	108
138	106
141	106
145	105
147	103
150	103
153	102
155	101
157	101
160	101
163	101
165	101
167	100
170	101
173	101
176	101
178	101
180	102
184	101
187	101
189	101
193	101
195	101
198	101
201	101
202	101
205	101
208	101
210	101
212	101
213	100
216	101
217	99
219	99
220	98
220	97
221	98
220	96
220	96
220	96
220	94
219	95
219	94
218	94
218	94
218	93
217	93
216	93
216	93
216	93
216	91
215	91
214	91
214	90
213	90
213	90
212	90
212	90
211	90
210	90
210	90
209	90
209	89
208	90
208	89
207	89
207	89
207	88
207	88
207	88
207	88
206	88
206	88
206	88
206	89
206	88
206	88
206	88
206	88
206	88
207	89
206	88
206	89
207	89
206	89
206	90
207	89
206	90
206	89
207	90
206	90
206	90
207	90
206	90
207	90
207	90
207	90
207	89
207	89
207	90
207	90
207	90
208	90
208	89
208	90
208	89
208	90
208	90
208	90
208	89
208	89
209	88
209	90
209	89
209	89
209	90
209	89
209	89
209	89
208	89
209	88
208	89
209	88
209	87
209	87
209	87
209	87
210	87
210	88
210	87
211	88
213	87
216	87
218	87
221	87
225	86
226	86
230	86
232	82
235	86
237	86
240	86
241	84
242	86
244	84
244	86
244	85
245	85
245	85
245	86
245	86
244	86
243	87
243	87
243	88
243	87
243	86
242	86
241	85
241	85
241	85
240	87
240	87
240	86
239	88
239	87
239	87
239	88
239	87
238	89
238	88
238	89
238	87
238	88
238	88
238	88
238	88
238	88
238	87
238	88
237	88
237	89
238	89
237	88
237	88
237	88
237	88
237	88
237	89
235	89
236	88
235	89
235	90
235	89
235	89
235	88
235	89
235	90
235	89
236	88
234	90
234	90
235	90
235	89
235	89
235	89
236	89
236	89
236	90
236	90
236	89
235	89
236	90
236	90
236	90
236	90
236	90
235	91
235	91
235	91
234	91
235	92
234	92
234	93
234	91
234	91
234	92
235	92
234	92
234	93
235	92
235	93
234	92
234	92
235	93
234	92
234	93
234	92
234	92
234	92
234	93
234	93
233	93
233	93
232	93
232	93
233	94
232	93
232	93
232	93
231	93
231	93
231	93
231	93
231	93
230	94
230	94
230	94
230	94
229	95
229	93
229	94
229	94
229	94
229	93
229	93
229	93
229	92
230	92
230	93
230	91
230	91
230	92
230	91
231	92
231	91
231	91
231	91
231	91
232	90
232	91
233	91
233	90
233	91
233	91
234	91
234	90
235	91
235	89
236	90
236	91
236	90
236	91
237	91
236	91
237	91
238	91
238	91
238	91
239	91
239	92
239	92
239	92
240	93
240	93
240	93
241	94
241	94
241	94
241	93
241	93
241	93
241	94
241	93
241	93
241	93
241	93
241	93
241	95
242	94
242	94
242	94
242	94
242	94
242	94
242	94
242	95
242	94
242	95
242	95
242	94
242	93
243	94
243	94
243	94
243	94
243	93
243	93
243	93
242	92
243	94
242	93
243	92
243	92
242	92
242	92
242	92
242	91
242	92
242	92
242	91
242	91
242	91
241	91
242	90
241	90
242	91
242	90
242	90
242	91
242	90
241	91
242	90
241	91
241	87
242	89
242	89
242	90
241	89
241	89
241	89
241	88
240	89
240	88
240	89
240	89
239	89
240	88
239	88
239	90
239	88
239	88
240	88
239	89
239	88
239	89
239	89
239	88
239	89
239	89
239	88
239	87
239	89
239	89
239	90
239	90
239	91
239	89
239	89
239	89
239	90
239	90
239	89
239	90
239	91
239	89
239	89
239	90
240	89
240	89
239	88
239	90
239	90
239	90
238	90
239	90
239	91
239	92
239	91
239	92
239	92
240	91
240	91
240	92
240	92
240	92
240	92
240	93
240	93
240	92
240	92
240	91
239	92
239	92
239	92
239	92
239	92
239	91
239	92
239	93
240	91
239	92
240	91
239	91
239	90
240	90
240	90
240	89
240	88
239	87
240	87
239	86
240	86
240	86
240	86
240	86
240	85
240	86
240	85
240	86
240	86
240	87
240	88
240	87
240	87
240	88
240	87
240	88
240	89
239	89
239	89
240	89
240	89
240	88
240	89
240	90
240	91
240	90
241	90
241	91
241	91
242	90
242	91
242	91
241	90
241	91
241	92
242	92
241	93
241	93
241	94
241	94
241	95
241	95
242	95
242	95
242	96
242	96
242	97
242	97
243	98
242	98
242	98
243	98
243	99
243	99
243	99
243	98
243	99
243	100
243	99
244	99
244	100
244	101
245	100
245	99
245	101
245	100
246	101
246	101
246	101
247	101
247	102
247	102
247	102
247	103
248	103
248	104
248	104
248	103
249	103
249	103
250	104
250	104
250	104
250	105
250	105
250	104
250	105
250	105
251	106
251	106
251	105
251	106
251	106
249	103
241	105
243	103
236	108
222	105
231	109
175	111
171	111
166	111
166	110
166	110
164	108
167	113
168	113
167	113
166	114
166	114
166	114
165	116
164	116
164	117
163	118
163	120
162	120
161	120
161	121
161	122
160	122
160	122
159	123
160	123
159	123
158	124
158	124
158	124
157	125
158	125
158	125
157	125
157	126
158	126
157	125
157	126
157	126
157	126
157	127
157	127
156	126
156	127
156	127
156	126
156	127
155	127
156	127
156	127
156	128
156	128
156	128
156	128
156	128
156	128
156	128
156	128
156	129
156	129
155	129
156	129
156	129
156	129
156	130
155	130
155	130
156	129
155	130
156	129
156	130
156	130
156	130
155	130
155	130
155	130
156	131
156	129
156	130
155	130
156	130
156	130
156	130
156	130
155	130
156	130
156	131
157	130
157	131
157	131
157	131
157	131
157	131
157	131
157	131
157	131
157	132
157	131
157	131
157	130
157	130
157	130
157	131
157	130
157	131
157	131
157	131
157	131
157	131
157	131
157	131
157	131
157	131
157	131
157	131
157	130
157	130
157	130
157	130
157	130
156	129
156	129
156	129
156	129
155	129
155	129
155	129
155	129
154	128
154	128
154	129
153	128
154	128
153	127
152	127
152	127
152	126
152	127
152	126
151	126
151	126
151	126
151	126
150	126
151	126
151	125
151	125
151	126
151	125
151	126
151	125
151	126
153	126
153	125
153	124
154	124
154	124
154	123
154	123
154	122
154	122
154	122
154	122
154	123
154	122
153	122
153	122
153	122
153	121
153	121
153	122
153	121
153	121
153	121
153	121
153	121
153	120
153	121
153	121
153	120
153	120
153	121
153	120
153	119
153	120
153	120
153	120
153	120
152	121
152	121
152	120
152	120
152	121
152	121
151	121
151	122
151	122
151	122
151	122
151	122
150	122
150	122
149	122
149	122
150	122
150	122
149	122
148	122
148	122
148	122
148	122
149	122
148	122
148	121
149	122
148	121
149	121
148	121
148	122
148	121
149	120
149	120
148	120
149	120
148	120
148	120
148	120
149	120
149	119
149	120
148	120
149	119
149	119
149	119
149	119
150	119
149	118
149	117
149	117
149	116
149	116
149	115
149	114
149	114
149	114
149	114
149	113
149	113
149	113
149	113
149	113
149	112
149	113
148	112
148	113
148	113
149	113
149	113
148	113
148	113
149	113
149	114
148	115
148	115
148	115
148	115
149	116
149	116
149	116
149	116
149	116
149	116
149	117
149	116
150	117
150	117
150	116
150	117
150	116
151	116
152	116
154	114
156	113
160	112
162	110
166	109
169	108
172	107
175	105
178	104
181	104
185	103
187	102
191	101
195	100
199	99
202	98
206	97
209	97
213	96
216	96
220	95
224	95
227	95
230	95
234	95
237	95
240	95
244	96
246	96
248	96
252	96
254	96
257	96
259	95
262	96
265	96
267	96
270	97
271	96
274	97
282	98
284	97
284	95
288	98
288	99
291	101
292	101
296	100
297	99
297	100
298	100
301	102
302	103
302	104
303	105
304	105
305	106
305	106
305	106
305	107
304	107
304	108
303	108
302	109
301	109
300	110
298	111
297	111
295	112
294	112
294	114
293	114
293	115
292	116
292	116
290	116
290	117
290	118
290	118
289	118
290	119
290	119
290	120
289	119
289	120
289	120
290	120
289	120
289	121
289	121
289	121
289	121
289	122
289	122
289	122
289	122
289	123
289	123
290	123
290	123
289	123
290	123
290	123
290	123
290	123
290	123
290	123
290	123
291	123
290	123
290	123
290	123
290	123
291	124
291	124
291	124
290	124
291	124
290	124
291	124
290	124
290	124
290	124
290	124
290	125
290	125
290	124
290	125
290	125
290	125
290	125
290	125
289	125
289	125
290	125
289	125
289	125
289	125
289	125
289	125
289	125
289	125
289	125
289	125
289	125
289	124
289	124
289	124
289	124
289	124
289	124
289	124
289	125
289	124
289	124
289	124
289	124
289	125
289	124
289	125
289	125
289	124
289	124
289	124
289	124
289	124
289	124
290	124
290	124
292	124
295	123
297	123
299	123
300	122
302	122
303	122
304	123
305	124
307	123
308	124
308	124
308	124
308	124
308	124
308	124
309	124
309	124
308	124
308	124
308	123
308	123
308	124
308	124
308	123
308	123
308	123
308	123
308	123
308	124
308	124
308	124
309	124
308	124
308	124
308	124
308	124
308	123
307	124
307	124
307	123
307	123
307	122
307	122
307	122
307	122
307	122
307	122
306	122
306	122
306	121
306	122
306	122
307	122
306	122
306	122
307	122
306	122
307	121
306	121
306	122
306	122
306	122
306	122
306	122
306	122
306	122
306	121
306	121
306	121
306	121
306	121
306	121
306	121
306	120
306	120
306	119
307	120
307	119
307	119
307	119
307	119
307	119
307	119
307	119
307	119
307	119
308	119
308	119
308	120
309	119
309	119
308	119
309	119
309	119
309	119
309	119
309	119
309	119
310	119
310	120
310	119
310	119
311	119
310	119
311	119
310	119
310	119
310	119
311	119
311	118
311	119
311	119
311	119
311	119
311	118
311	119
311	118
311	118
311	118
312	118
311	118
311	131
311	131
312	117
311	117
310	117
310	117
310	117
310	117
310	117
310	117
310	117
308	116
306	116
303	115
302	115
301	115
301	116
301	116
300	116
300	115
300	115
300	115
300	115
299	114
300	114
300	114
300	114
300	114
300	114
300	114
300	115
301	114
300	114
301	114
300	114
301	114
301	115
301	115
301	115
301	116
301	116
301	116
301	116
300	116
300	117
301	117
301	117
300	117
300	117
300	117
300	117
300	117
300	116
300	116
300	116
300	116
300	115
300	116
299	115
299	115
299	114
299	115
299	114
299	114
299	114
298	114
299	114
299	113
299	113
299	112
298	112
299	112
299	111
299	111
298	112
299	111
298	111
298	111
298	111
298	112
298	112
298	112
298	113
298	113
298	113
298	114
298	114
298	114
298	114
298	114
298	114
299	114
299	114
299	114
298	114
299	114
299	115
298	115
299	115
299	115
299	115
299	115
299	115
299	115
299	115
300	115
300	115
300	114
300	115
299	114
299	114
299	114
299	114
299	113
299	114
299	114
298	114
298	114
298	114
298	114
297	114
296	114
291	113
286	112
282	111
278	109
273	107
270	106
265	105
263	105
259	103
255	101
253	101
250	101
247	100
244	99
241	100
239	100
237	99
234	100
232	100
229	100
227	101
224	101
221	101
219	102
218	103
215	103
213	104
210	105
209	106
207	106
205	107
203	107
201	108
199	108
197	109
194	109
192	109
191	110
189	111
187	112
185	112
183	113
182	114
180	115
178	115
175	115
174	116
172	117
171	118
169	118
169	118
167	119
167	120
165	120
165	120
164	121
163	121
162	121
162	122
161	121
161	121
161	121
161	121
161	121
161	122
162	121
161	121
161	121
161	121
161	121
162	121
161	121
161	121
161	121
161	121
161	120
161	121
161	120
161	121
161	121
160	120
161	121
160	121
160	121
160	120
160	120
159	120
159	120
158	119
159	119
159	119
159	119
159	118
159	119
158	118
158	119
159	119
158	119
158	119
159	120
158	120
158	120
158	120
158	120
158	120
158	120
158	121
159	121
159	121
159	120
159	120
159	121
159	121
159	121
159	120
160	120
160	121
160	121
160	121
160	121
160	122
160	122
161	122
160	122
160	122
160	122
160	123
160	122
160	123
160	122
160	122
160	122
160	122
162	122
161	122
161	122
161	122
162	122
162	122
162	122
163	122
163	122
162	122
162	122
161	123
161	122
160	123
160	123
160	124
160	124
160	123
160	123
160	123
159	123
159	122
159	122
160	122
160	122
159	122
159	122
159	122
160	122
160	123
159	123
160	122
160	123
160	123
160	123
160	123
160	122
160	122
160	122
159	122
159	122
160	122
160	122
159	122
159	122
159	122
160	122
160	122
160	122
159	122
159	122
159	122
159	122
160	121
160	122
160	122
160	122
160	122
160	122
160	122
160	122
160	122
160	122
160	122
159	122
159	123
159	122
160	122
159	122
160	122
160	122
159	122
159	122
159	122
160	122
159	122
159	122
159	122
159	121
160	121
159	121
159	122
159	121
159	120
159	121
159	121
159	119
159	120
159	119
158	119
159	119
159	120
159	119
159	119
159	120
158	120
158	120
158	120
158	121
159	121
158	121
158	121
158	122
158	122
158	122
158	122
158	122
159	122
159	122
159	122
158	122
158	122
158	122
158	122
158	122
158	122
158	122
158	122
158	122
159	122
158	122
158	122
158	123
158	122
158	123
158	122
158	123
158	122
157	122
158	122
158	122
158	122
157	122
157	122
157	121
157	121
158	121
158	121
157	121
157	121
157	121
157	121
156	120
157	119
157	119
156	119
156	119
156	119
156	118
155	118
155	118
155	117
155	117
155	116
155	116
155	116
155	116
155	115
155	115
155	115
155	114
155	114
155	115
154	114
155	114
154	114
154	114
154	113
154	114
154	115
154	114
154	115
153	115
154	115
154	115
154	115
155	115
154	116
155	116
155	116
155	117
155	117
155	116
155	117
155	117
156	118
155	118
155	118
156	118
156	118
156	118
157	118
159	117
162	116
165	114
169	113
172	112
175	111
179	109
182	108
185	107
188	107
192	106
196	105
199	104
202	103
206	102
210	102
214	101
217	101
221	101
224	101
228	101
232	101
234	100
238	101
241	102
245	102
248	102
251	102
254	104
257	103
259	104
263	105
266	107
269	108
271	108
274	108
276	110
278	111
280	111
282	113
284	113
285	114
287	115
288	116
289	117
290	117
291	118
292	119
292	119
292	119
292	119
292	119
292	119
291	119
290	119
290	119
289	118
289	119
289	118
288	118
288	118
288	118
288	118
288	118
287	118
287	118
287	118
288	118
287	118
286	118
287	118
287	118
287	118
287	118
287	118
287	118
286	118
287	119
287	119
287	119
286	120
286	120
285	121
285	121
286	121
286	121
286	121
287	122
286	123
286	123
287	123
287	123
287	123
287	124
287	124
287	124
287	124
287	124
287	125
287	125
287	125
287	125
287	125
287	125
287	125
287	126
287	126
287	126
287	126
287	126
287	126
287	126
287	126
287	126
287	127
287	126
287	127
287	126
287	126
287	126
287	126
287	126
287	126
287	126
287	126
287	126
288	125
288	125
288	125
288	124
288	124
288	124
288	124
288	124
288	124
288	124
288	124
288	124
288	124
288	123
288	123
288	124
288	124
288	124
288	124
288	124
288	124
288	124
288	124
288	124
288	124
288	124
289	124
288	124
289	124
288	124
288	125
288	124
288	124
288	124
289	124
288	124
288	124
289	123
289	123
289	123
289	123
289	123
289	123
289	122
289	122
289	122
289	122
289	122
289	122
289	123
289	123
289	122
290	123
289	123
289	123
289	123
289	123
289	123
289	123
289	123
289	122
289	122
289	123
289	122
290	123
289	123
290	122
290	122
290	123
290	123
290	122
290	123
290	122
290	122
290	122
289	122
289	122
289	122
289	121
288	121
288	122
289	122
289	122
288	122
288	122
288	122
289	122
288	123
288	122
288	122
288	122
288	123
288	122
288	122
288	122
288	121
288	121
288	121
288	121
288	121
288	121
288	121
288	121
288	121
288	121
288	121
287	120
288	120
287	121
287	121
287	121
287	121
287	121
287	122
287	122
287	122
287	122
287	122
287	121
287	121
287	121
287	121
287	121
287	121
288	121
287	121
288	121
288	121
287	120
287	121
287	120
288	120
287	121
287	120
287	120
287	120
286	120
286	120
287	120
287	120
287	120
286	119
286	120
286	119
286	119
286	118
287	118
286	117
286	117
287	116
286	116
286	116
285	115
286	115
285	115
285	114
285	115
285	115
285	115
284	115
285	115
285	115
284	116
284	116
284	116
285	116
283	116
283	116
284	116
283	117
283	117
282	118
280	119
275	120
272	119
262	114
256	114
262	118
168	114
174	114
171	112
171	115
170	115
170	116
171	115
172	115
171	115
170	116
171	117
170	117
169	118
169	120
169	120
169	121
169	122
168	123
167	124
167	124
166	125
166	126
166	127
166	127
165	128
164	128
164	129
164	129
163	130
163	131
163	132
162	132
161	133
161	133
161	133
160	133
160	134
160	133
159	133
159	134
159	133
158	133
158	133
158	133
158	132
157	134
156	133
156	134
156	134
155	134
155	134
155	134
155	134
155	134
155	134
155	135
155	135
155	135
155	136
155	136
155	136
155	136
155	136
155	137
155	137
155	138
155	137
155	138
156	138
156	138
156	138
156	138
156	138
156	138
156	138
156	138
156	137
155	137
156	137
155	137
155	136
155	136
155	136
155	136
156	136
156	136
155	136
156	136
155	136
155	136
155	136
155	136
155	136
155	136
155	136
155	136
155	136
155	136
154	136
154	137
154	137
155	138
155	138
155	138
155	138
155	138
155	138
155	138
155	138
155	138
155	139
155	138
155	139
154	139
154	139
154	139
154	140
154	140
154	140
154	140
154	140
154	140
154	141
154	141
155	141
154	141
154	140
153	141
154	141
154	142
154	142
154	142
154	142
154	142
154	142
154	142
154	142
154	142
154	141
154	141
154	141
154	141
154	141
154	140
154	140
155	140
155	140
155	139
155	139
154	139
155	139
155	139
154	138
155	138
154	138
154	139
155	138
154	138
154	138
154	138
154	138
155	137
156	136
157	136
159	135
159	134
159	134
160	134
160	134
160	133
160	132
160	132
160	132
161	132
160	131
160	130
160	131
160	131
160	131
160	131
160	131
160	131
160	131
160	131
160	131
159	131
159	131
160	131
160	131
160	131
160	132
160	131
160	132
160	132
160	132
160	131
160	131
160	132
160	131
160	131
160	131
160	131
161	131
160	131
160	131
160	130
160	130
160	130
159	130
159	130
160	129
160	129
159	129
159	129
159	129
159	128
160	127
159	128
160	128
160	128
160	127
160	127
160	127
160	127
159	126
159	126
160	126
160	126
160	126
160	125
160	124
159	125
160	125
160	126
160	125
160	125
160	125
160	125
160	125
160	125
160	126
160	126
160	126
160	126
160	126
160	126
160	127
160	127
160	127
160	126
160	126
160	127
159	127
160	127
159	127
159	126
159	127
158	126
158	126
159	126
159	126
159	125
159	125
159	125
159	124
159	124
159	125
159	124
159	123
159	123
159	123
159	123
159	122
159	121
159	121
159	120
159	119
160	119
160	118
160	118
160	117
160	117
160	116
160	116
160	116
161	116
161	116
162	116
162	116
162	116
162	115
163	116
163	117
163	116
164	117
164	117
164	118
164	118
165	118
167	118
169	117
172	116
174	115
179	115
182	114
185	113
189	113
192	112
195	112
197	111
200	110
205	109
207	109
210	108
214	108
216	108
220	106
224	106
227	106
230	105
233	105
237	104
240	104
243	103
247	102
249	102
253	102
256	101
259	101
262	101
265	100
267	100
270	99
272	100
274	99
276	99
278	99
282	102
283	101
285	102
288	103
290	106
292	107
294	108
296	110
299	111
301	112
303	113
304	114
306	114
308	115
309	116
311	117
312	118
314	119
315	119
316	120
317	120
318	121
319	122
320	122
321	123
321	124
322	124
323	124
323	124
324	125
324	125
325	125
325	125
326	125
326	125
327	125
327	125
327	125
327	125
327	126
327	125
327	125
327	125
327	125
327	125
327	125
327	124
327	124
326	124
326	124
324	123
324	122
324	123
323	123
322	123
321	123
322	123
321	123
321	123
320	124
320	124
320	124
320	125
320	125
320	126
319	126
319	127
319	127
319	128
319	128
318	128
318	128
318	129
318	129
318	129
318	129
318	129
318	129
318	130
318	129
317	129
317	130
317	130
317	129
317	129
317	129
317	129
317	129
316	128
317	129
317	128
317	128
317	128
317	128
317	128
317	129
317	128
317	128
317	128
317	128
317	128
317	129
317	128
317	128
317	128
317	128
318	129
317	129
317	130
317	130
317	130
317	130
317	130
318	130
318	130
317	131
317	131
317	131
317	131
317	131
317	131
318	131
317	131
317	130
317	130
317	131
317	130
318	130
317	130
317	130
317	130
317	129
317	130
317	129
317	129
318	129
317	130
318	130
318	130
318	130
317	130
318	130
318	131
318	131
318	131
318	131
318	131
319	131
318	131
319	131
319	131
319	132
320	132
319	133
320	132
320	132
321	132
321	132
321	132
321	132
321	131
321	131
322	131
322	131
322	131
321	131
321	131
322	131
321	131
321	131
321	131
321	131
321	131
321	131
321	131
321	131
321	131
322	131
322	131
322	130
322	130
321	130
321	130
321	129
320	129
321	129
321	129
320	129
321	129
320	129
320	129
320	129
320	130
320	130
319	130
319	130
320	129
320	129
319	129
319	129
319	129
319	129
319	129
318	128
318	128
318	128
318	128
318	128
318	128
318	127
318	127
318	127
318	127
318	126
318	126
318	126
318	126
318	125
318	126
318	125
318	125
318	124
318	124
318	124
318	123
318	123
318	123
318	123
318	122
318	122
318	122
319	122
319	122
319	122
319	122
319	123
319	123
319	123
319	123
319	124
319	124
319	124
319	124
319	125
319	125
319	125
319	125
319	126
319	125
319	126
319	126
319	126
319	126
319	126
318	125
318	125
318	125
318	125
319	124
319	124
318	124
318	123
318	123
318	122
317	122
317	122
317	121
317	121
316	120
316	120
316	119
316	119
316	119
316	119
316	118
316	118
316	118
316	118
316	118
316	118
316	118
316	118
315	119
313	118
310	117
305	116
301	115
296	114
291	114
286	112
282	111
278	111
274	108
271	107
268	107
263	107
259	106
256	107
253	106
250	106
246	106
243	106
240	106
237	106
235	106
232	106
229	107
227	108
224	108
221	109
219	110
216	110
215	111
213	112
211	113
209	113
207	114
205	115
203	115
201	115
199	115
198	116
196	116
194	116
194	116
193	116
191	116
191	116
190	116
189	116
189	116
188	116
187	116
187	117
185	119
183	119
183	120
182	121
181	122
179	124
179	124
179	126
178	126
177	127
177	128
178	128
177	129
176	129
176	129
175	130
175	130
174	131
174	131
174	131
174	131
174	131
173	131
173	131
173	132
173	132
173	132
173	132
174	132
174	131
173	132
173	131
173	131
174	131
173	131
174	131
174	130
174	130
173	130
174	130
174	130
173	130
173	130
172	130
173	130
173	130
172	130
172	130
173	130
172	130
172	130
172	130
172	130
171	130
172	130
171	130
172	130
172	130
172	130
172	130
172	130
171	129
172	130
173	130
173	129
172	130
172	130
172	130
173	129
172	129
172	130
172	130
172	130
172	130
172	129
173	129
172	128
172	129
172	129
172	129
173	129
173	129
173	129
173	129
172	129
173	129
172	129
172	129
172	130
172	130
172	129
172	130
172	130
173	130
172	130
172	130
172	130
173	130
172	130
172	130
172	129
173	129
172	129
172	129
172	128
172	128
172	128
172	128
172	128
172	129
171	128
171	128
171	128
170	128
169	128
169	128
169	128
169	128
169	126
169	127
169	127
169	127
170	126
169	126
169	126
169	127
169	126
169	126
169	127
169	127
169	127
168	126
169	128
168	128
168	128
169	128
168	129
168	129
168	129
168	128
169	128
169	128
169	128
169	129
169	129
169	129
169	129
169	128
169	129
169	130
169	129
170	128
170	130
169	129
169	129
169	128
169	129
169	129
170	130
170	130
169	129
170	129
169	130
170	129
170	130
170	130
170	131
169	130
169	130
169	130
169	130
170	130
169	130
170	130
170	131
169	130
170	130
169	130
169	130
170	130
169	129
170	130
169	129
170	129
170	128
170	128
170	128
170	128
170	129
170	128
170	128
170	128
171	128
171	129
171	129
171	129
171	129
170	129
170	129
171	129
170	129
171	130
171	129
171	130
171	129
171	130
171	130
170	130
171	129
171	130
171	129
171	129
171	130
171	128
171	129
171	129
171	129
171	129
171	128
171	128
171	128
171	128
171	128
171	128
171	129
171	129
171	129
170	129
170	129
171	129
170	129
170	128
170	129
170	129
170	129
170	129
170	129
170	128
170	128
170	127
170	127
170	128
170	126
171	126
171	126
171	126
170	126
171	126
171	126
171	125
172	124
172	124
171	124
172	123
172	123
172	123
171	123
172	122
172	122
173	122
172	121
172	120
172	120
172	120
172	120
172	120
173	119
172	119
172	119
173	119
173	118
173	118
173	118
173	118
173	117
173	117
173	118
173	118
173	119
173	119
173	119
173	120
173	120
175	120
176	120
178	119
181	119
185	118
188	117
191	117
194	116
196	115
200	114
203	113
206	113
209	112
212	111
215	111
218	109
222	109
226	108
229	107
233	106
235	105
239	105
242	105
246	104
249	104
252	104
255	104
259	104
262	104
265	104
267	104
270	104
273	104
276	104
279	104
281	105
284	105
286	104
287	106
291	108
294	110
294	112
297	112
299	113
301	114
302	115
304	117
305	118
306	118
306	119
307	121
307	121
306	122
305	122
305	122
305	123
304	123
304	123
304	123
304	123
303	124
303	124
303	124
303	124
303	124
302	123
302	123
302	123
302	122
302	122
301	121
302	121
301	120
301	121
300	120
300	120
299	120
300	120
299	119
299	119
298	119
298	119
298	119
298	119
298	119
298	118
298	119
297	119
298	119
298	119
298	119
298	119
298	120
298	120
298	121
297	120
297	120
297	120
297	120
296	121
294	122
296	122
294	122
294	123
294	123
295	123
295	124
296	124
295	124
295	124
295	124
295	124
295	124
295	124
295	124
294	124
294	125
294	125
294	124
294	124
295	123
295	124
294	123
294	123
294	123
294	124
294	124
294	125
293	124
293	124
293	124
293	125
293	124
292	123
294	123
293	124
294	123
294	124
294	123
294	123
293	123
293	123
294	123
294	122
294	122
294	122
294	122
294	122
294	122
294	122
294	122
293	123
295	122
294	122
294	122
294	123
295	123
294	123
294	123
294	124
294	124
293	124
293	124
294	124
294	124
295	125
295	124
294	125
295	125
294	125
293	125
293	125
294	125
294	125
294	125
294	125
294	126
294	126
293	126
294	125
294	124
293	124
293	123
293	124
293	124
293	123
293	122
293	123
293	122
294	121
294	121
294	121
294	121
294	120
294	122
294	121
294	121
293	121
291	121
288	120
285	119
280	119
277	117
274	116
270	113
266	115
262	116
260	116
256	116
253	117
250	116
248	117
244	117
242	118
237	119
235	119
233	120
230	120
227	121
226	121
224	121
221	123
219	124
218	125
215	125
214	126
212	126
211	127
209	128
208	129
206	130
205	132
204	133
203	133
202	134
200	135
199	136
198	137
197	137
197	137
196	137
194	137
193	137
192	137
191	137
190	137
190	137
189	137
188	137
188	136
187	135
187	135
186	135
186	135
186	134
186	134
186	133
186	133
186	133
186	133
186	133
186	133
186	132
185	133
185	132
185	133
185	133
185	132
184	132
185	133
185	133
185	133
185	132
185	133
184	133
184	133
183	133
183	133
183	133
182	133
182	133
182	133
182	133
183	133
182	133
182	132
182	132
183	133
182	133
182	133
182	132
182	132
182	132
181	132
182	132
182	132
182	132
181	132
181	132
181	132
181	132
181	132
181	132
181	132
181	132
181	132
181	131
181	132
181	132
181	132
180	132
180	132
179	133
178	133
178	132
177	132
176	132
175	131
175	132
174	132
174	131
174	131
174	131
174	131
174	131
174	130
174	130
174	130
173	130
174	130
173	129
173	129
173	129
173	128
173	128
174	129
173	129
173	129
174	129
173	130
173	130
174	131
174	130
174	130
174	131
174	131
174	131
175	131
174	131
174	131
174	131
174	131
175	131
175	131
175	131
175	131
175	131
175	131
175	131
175	131
175	131
175	131
175	131
175	131
176	131
175	131
175	130
175	130
176	130
176	130
175	130
176	130
175	130
175	130
176	130
175	130
175	129
175	129
175	130
175	130
175	130
175	130
175	130
175	130
175	130
175	130
175	130
175	130
175	130
175	130
175	130
175	130
175	130
175	130
175	130
175	130
175	129
176	128
175	128
175	128
175	128
176	128
176	127
176	128
176	127
176	127
175	127
175	128
174	128
174	128
174	128
174	127
174	127
174	127
174	127
173	128
174	128
174	128
174	128
174	128
174	128
174	128
174	128
174	128
174	128
173	128
173	127
174	127
173	127
173	127
174	127
174	127
174	127
174	127
173	127
173	127
173	127
173	127
173	127
173	126
173	126
173	126
173	125
174	125
173	126
174	126
174	126
173	125
173	126
174	126
174	126
173	126
174	125
173	125
174	126
174	126
174	126
174	126
174	127
174	127
174	127
174	127
174	127
174	127
174	126
174	125
174	125
174	125
174	125
174	125
174	125
175	125
174	125
175	125
175	125
175	125
175	125
175	125
175	125
176	125
176	125
176	125
176	125
176	125
176	125
176	125
176	125
176	126
177	126
177	126
176	126
176	126
177	126
176	126
176	126
177	126
177	126
176	126
177	126
177	126
177	125
177	126
177	125
177	126
177	126
177	126
177	126
177	126
177	127
176	126
176	126
176	127
176	127
175	127
176	127
176	128
175	128
175	128
175	128
175	128
175	127
175	127
175	127
175	127
175	127
175	128
175	127
175	127
175	128
175	127
175	127
175	127
175	128
175	128
175	127
174	127
175	127
175	127
175	126
175	127
175	127
175	127
174	127
174	127
174	127
174	126
174	126
174	127
174	126
174	126
174	126
174	126
174	126
174	126
174	126
174	125
174	125
174	124
174	124
174	124
174	123
174	123
174	123
175	123
174	123
174	124
174	123
173	123
173	123
173	122
173	122
173	122
174	121
174	121
174	120
174	120
174	119
174	119
174	118
174	117
174	118
174	118
175	118
175	118
174	118
174	118
174	118
175	118
174	119
174	119
174	119
174	119
174	119
174	119
174	120
174	120
174	120
174	120
174	120
174	121
174	121
174	122
175	122
175	122
175	124
177	123
179	124
180	124
182	124
184	125
337	108
337	104
338	105
337	104
337	103
337	104
335	103
335	103
335	109
332	108
332	109
335	109
331	110
329	111
330	112
329	111
330	112
330	113
330	113
330	113
330	115
330	115
330	116
329	117
330	117
330	117
330	117
330	118
329	119
329	119
329	120
329	121
328	121
328	121
327	122
326	123
326	123
325	123
325	123
325	123
324	124
323	124
322	124
322	125
322	125
322	125
322	125
322	125
322	125
322	125
322	125
321	125
321	125
322	124
322	125
321	125
321	125
321	125
321	126
320	126
320	126
321	126
320	126
320	126
320	128
320	128
320	128
321	128
320	128
321	128
321	128
321	128
320	129
320	129
321	129
320	128
320	128
320	128
320	128
320	128
320	128
320	128
320	127
320	128
320	127
320	128
320	127
320	127
320	127
320	127
320	126
320	126
320	126
320	126
320	125
319	125
320	125
320	125
320	125
320	125
319	124
319	124
319	125
319	125
319	125
319	125
319	125
319	125
319	125
319	125
319	125
319	125
319	126
319	126
319	126
319	127
320	127
320	127
320	127
320	127
320	127
320	127
320	128
320	129
320	129
320	128
321	128
321	129
321	128
321	128
321	128
321	128
321	127
322	127
322	127
321	127
321	127
322	127
322	127
322	126
321	126
321	126
321	126
321	126
321	126
321	127
321	127
321	126
322	126
321	127
321	126
321	126
322	126
321	127
322	127
321	127
322	127
321	127
322	128
321	128
321	128
321	128
322	128
323	128
322	128
322	128
321	128
321	128
322	128
322	128
322	128
322	128
322	128
322	128
322	129
322	128
322	128
322	128
322	128
322	128
321	128
321	129
321	128
321	129
321	129
321	129
321	129
321	129
321	129
321	129
321	129
321	130
321	130
321	130
322	130
322	130
322	130
322	130
322	131
322	131
321	130
321	130
321	130
322	130
322	130
321	130
322	130
322	130
322	130
322	129
322	130
321	130
321	130
321	129
321	130
321	129
321	130
321	130
321	130
321	130
321	130
320	130
321	131
321	130
321	131
320	131
320	131
320	131
320	132
320	131
320	132
319	132
320	132
319	132
319	132
320	132
320	132
319	132
320	132
319	131
319	132
319	132
319	131
318	131
315	131
312	131
307	130
304	129
299	128
295	124
291	127
288	125
284	122
281	123
276	123
274	123
271	122
269	123
266	121
262	121
259	122
256	123
253	123
249	124
246	124
244	124
241	125
239	126
237	127
234	128
232	129
230	130
228	131
227	132
224	134
221	135
219	136
217	137
216	138
215	139
213	139
212	138
210	139
210	140
209	141
207	142
206	143
205	144
204	144
204	145
203	145
203	146
202	146
201	147
199	147
197	149
195	149
196	149
195	149
196	149
195	149
195	149
194	149
194	149
194	149
193	150
192	149
192	149
192	149
192	149
192	149
192	148
191	148
191	148
191	148
191	148
191	148
190	148
190	148
190	148
190	148
190	148
189	147
189	147
189	147
189	147
189	147
189	147
189	146
189	147
189	147
189	147
189	148
189	148
189	148
189	148
189	148
188	148
189	148
189	149
189	149
189	149
189	149
189	149
189	149
189	149
189	149
188	149
188	150
188	150
188	149
189	150
189	149
189	150
188	150
188	149
188	150
188	149
188	150
188	149
188	149
188	149
188	149
189	149
188	149
189	149
188	149
188	149
188	149
188	149
188	149
188	148
188	148
188	148
188	148
188	147
188	148
188	148
188	148
188	148
189	148
188	148
187	148
185	148
184	148
184	149
184	148
183	148
183	147
183	148
183	148
183	149
183	149
183	149
183	149
182	149
183	149
182	149
183	149
183	149
182	149
182	150
182	150
182	151
182	151
182	151
182	151
181	149
182	150
181	150
181	150
181	149
180	149
180	149
180	149
180	149
180	149
180	149
179	148
179	148
179	147
179	147
179	146
179	146
178	146
178	145
178	145
178	144
177	144
176	144
176	143
176	143
176	142
176	142
176	141
176	141
175	140
175	140
176	139
176	139
175	139
175	139
175	138
175	136
175	136
176	136
176	135
176	135
175	135
175	135
175	134
175	134
175	134
175	134
174	134
174	134
175	133
175	134
176	134
177	134
177	134
177	135
177	135
177	135
177	135
177	136
178	136
178	136
178	137
178	137
178	137
178	138
178	139
178	140
