0.860612 136 149
0.860612 204 160
2.72298 132 172
2.72298 193 189
3.82437 147 150
3.82437 205 167
6.07956 279 153
12.5872 205 197
12.7248 206 198
12.8582 205 198
12.9904 204 199
13.1219 205 200
13.2543 219 202
13.3852 219 203
13.5217 220 203
13.6553 221 204
13.7881 221 205
13.9225 221 206
14.0586 212 208
14.1949 205 210
14.325 205 210
14.4533 204 210
14.5839 204 211
14.7139 204 211
14.8437 203 211
14.9722 204 212
15.1027 204 211
15.2346 203 212
15.337 203 212
15.3969 203 212
15.5215 203 214
15.6529 202 214
15.7828 202 214
15.9117 202 215
16.0567 202 215
16.1881 202 215
16.3202 202 215
16.4499 202 215
16.579 201 215
16.7115 202 216
16.8437 201 216
16.9759 201 216
17.1072 201 216
17.2379 201 215
17.3678 200 217
17.4988 201 217
17.6296 200 217
17.7625 200 217
17.8933 201 217
18.0259 200 218
18.1553 200 219
18.288 200 218
18.4174 200 218
18.5482 200 218
18.6788 200 219
18.8114 200 219
18.8776 200 219
19.0022 200 220
19.1333 201 220
19.2709 213 219
19.4078 213 219
19.5413 214 219
19.6725 214 219
19.8043 214 219
19.933 214 219
20.0642 215 220
20.1935 214 220
20.3252 214 221
20.4539 214 221
20.5844 214 221
20.7134 214 221
20.8447 214 221
20.9747 214 221
21.1058 214 221
21.2342 214 221
21.3664 213 221
21.4942 213 221
21.6265 213 221
21.7592 213 221
21.8923 213 221
22.024 216 221
22.1566 224 221
22.286 225 220
22.4088 226 220
22.47 226 220
22.592 225 219
22.7229 225 220
22.8557 225 220
22.9854 225 220
23.1177 225 219
23.2488 225 219
23.3801 225 220
23.511 224 219
23.6441 224 220
23.7884 224 220
23.9218 224 220
24.0519 224 221
24.1853 223 221
24.3148 224 221
24.4466 223 221
24.5759 223 222
24.7115 223 222
24.8448 223 222
24.978 223 223
25.1064 234 222
25.2385 234 222
25.3678 234 222
25.4985 235 222
25.6288 235 222
25.7606 235 222
25.8914 234 223
26.0088 234 224
26.0693 234 224
26.1923 234 223
26.3212 234 223
26.4529 233 223
26.5813 234 222
26.7139 233 222
26.8439 233 222
26.975 233 222
27.1042 233 223
27.2368 233 223
27.3669 233 223
27.5004 233 223
27.6319 233 223
27.7645 232 223
27.8957 232 224
28.0284 228 226
28.157 228 225
28.2922 228 226
28.4254 228 226
28.5575 227 226
28.6901 235 226
28.8297 242 226
28.9583 242 226
29.0903 242 227
29.2183 242 226
29.3486 242 226
29.4773 241 226
29.592 241 226
29.6519 241 226
29.7761 241 227
29.9033 241 226
30.0335 240 226
30.1629 240 227
30.2936 240 226
30.4221 240 227
30.5537 240 226
30.681 239 227
30.8118 239 227
30.9421 239 227
31.0746 239 227
31.2036 238 227
31.3357 238 228
31.4803 238 228
31.6124 238 228
31.7433 238 227
31.8751 237 228
32.0043 237 228
32.1357 237 228
32.2659 237 228
32.3984 237 228
32.5295 237 228
32.6617 237 228
32.7952 236 227
32.9293 236 228
33.0601 238 228
33.1788 248 227
33.2394 248 226
33.3625 248 227
33.4905 248 227
33.6202 248 227
33.7489 248 227
33.8791 248 227
34.0076 247 227
34.1361 247 227
34.2629 247 228
34.3938 247 227
34.5219 247 227
34.6499 246 227
34.7835 246 227
34.9156 246 228
35.0449 246 227
35.1746 246 227
35.3039 245 227
35.4348 245 228
35.5649 245 228
35.6953 245 228
35.8272 245 228
35.9605 244 229
36.0904 245 229
36.2197 257 228
36.3503 257 228
36.482 257 228
36.6135 257 228
36.7445 257 227
36.873 257 226
37.0041 257 225
37.1335 257 225
37.263 256 225
37.392 256 225
37.5241 256 225
37.6535 256 225
37.7838 256 226
37.9134 255 226
38.0467 255 226
38.1757 255 227
38.3046 255 228
38.4331 255 227
38.5614 254 227
38.6907 254 227
38.8236 254 228
38.9563 254 227
39.0904 254 227
39.171 254 227
39.2444 254 227
39.3787 254 228
39.5113 254 228
39.6446 254 228
39.7747 254 228
39.9257 253 228
40.0709 253 228
40.2054 253 227
40.3394 253 228
40.4731 262 226
40.6054 263 224
40.7351 263 223
40.8645 264 224
40.9952 264 225
41.1246 264 225
41.2523 263 225
41.3813 263 225
41.5103 263 225
41.6396 263 225
41.7689 263 226
41.898 263 225
42.0283 263 226
42.1594 263 225
42.2892 262 226
42.4199 262 226
42.5528 262 226
42.6855 265 226
42.8161 271 224
42.9515 271 225
43.0848 271 225
43.223 271 225
43.3573 271 225
43.4873 272 225
43.6183 275 224
43.7487 275 224
43.8823 275 224
44.0141 275 224
44.1466 275 225
44.2761 271 226
44.4041 271 226
44.5343 271 225
44.6663 271 225
44.7961 271 225
44.9263 271 226
45.056 271 226
45.1867 271 225
45.3165 270 225
45.4456 270 225
45.5739 270 225
45.7057 270 225
45.8362 270 225
45.9661 270 225
46.097 270 225
46.2275 270 225
46.3569 270 225
46.487 270 225
46.6007 270 224
46.6611 270 225
46.7852 269 225
46.9219 269 225
47.0514 269 225
47.1803 269 225
47.3103 269 226
47.4382 269 226
47.5688 269 227
47.698 269 226
47.828 268 227
47.9567 268 227
48.086 268 227
48.2141 268 227
48.3452 268 227
48.4758 268 227
48.6066 268 227
48.7362 268 227
48.8677 267 227
48.9976 267 228
49.1283 267 228
49.2577 267 228
49.3873 267 227
49.5168 267 227
49.6474 267 227
49.7761 267 228
49.908 266 227
50.0409 265 228
50.1715 265 228
50.3065 267 227
50.4401 276 225
50.5725 276 225
50.707 276 225
50.84 276 225
50.9736 276 225
51.1078 276 225
51.241 276 225
51.3376 276 225
51.4161 276 225
51.5496 276 226
51.6823 276 226
51.8168 276 226
51.949 275 227
52.082 275 226
52.2164 275 226
52.3489 275 226
52.4847 275 226
52.6176 275 226
52.7532 275 226
52.8865 275 226
53.0347 274 226
53.1825 274 226
53.3196 274 226
53.4528 274 226
53.5905 274 226
53.72 274 226
53.8547 273 226
53.9833 273 226
54.1134 273 226
54.2458 273 227
54.3746 272 227
54.5037 272 228
54.6331 272 228
54.7689 272 229
54.9017 272 229
55.0315 271 229
55.167 272 230
55.2993 278 236
55.4336 278 237
55.5674 278 237
55.6965 278 237
55.8247 278 237
55.9533 278 237
56.0794 278 237
56.2061 278 237
56.3343 278 237
56.4621 278 237
56.5903 277 237
56.7205 277 238
56.8496 277 238
56.9813 277 238
57.1085 277 237
57.2395 277 238
57.3695 276 238
57.4987 276 238
57.6295 276 239
57.7604 276 239
57.891 276 239
58.0213 276 239
58.1497 276 239
58.2788 276 239
58.4081 276 240
58.5378 275 240
58.6673 275 240
58.8003 275 241
58.9377 275 240
59.0716 281 241
59.2036 284 242
59.3364 284 242
59.4681 284 242
59.6019 284 242
59.7353 284 242
59.8638 284 242
59.9245 284 242
60.0523 284 242
60.1839 284 242
60.3176 284 241
60.4512 284 241
60.5848 284 242
60.7186 284 242
60.8548 284 241
60.9899 283 241
61.1229 284 241
61.2555 283 241
61.3866 283 241
61.5173 283 241
61.6509 283 240
61.7828 283 240
61.9159 287 235
62.0269 297 226
62.1608 294 214
62.2985 289 203
62.4352 289 203
62.5787 287 199
62.7166 287 199
62.8523 287 199
62.9876 287 199
63.1218 287 198
63.1841 287 199
63.2964 287 199
63.4355 286 198
63.5704 286 199
63.7061 286 199
63.8401 286 198
63.9746 286 198
64.1157 286 199
64.2527 286 200
64.3883 285 200
64.5223 273 209
64.656 271 213
64.7911 271 214
64.9259 271 215
65.0576 271 215
65.1901 271 216
65.3226 271 216
65.4547 271 216
65.5874 271 216
65.7206 271 216
65.8542 271 216
65.9889 271 215
66.1218 271 215
66.2566 271 216
66.3925 271 216
66.5286 271 216
66.6653 271 218
67.1481 287 233
67.2836 287 229
67.4182 287 227
67.5518 282 226
67.6856 282 225
67.8181 282 224
67.9533 282 223
68.0863 281 223
68.215 281 223
68.3424 281 223
68.4702 281 223
68.5983 281 223
68.7279 281 222
68.8557 281 223
68.9852 281 222
69.1159 281 222
69.2467 280 222
69.377 280 222
69.5103 280 222
69.64 280 222
69.7687 280 221
69.8986 280 223
70.0288 280 222
70.1571 280 222
70.2405 279 222
70.3241 279 222
70.4526 279 222
70.5815 279 222
70.7093 279 222
70.8367 279 222
70.9648 279 222
71.0934 279 222
71.2217 279 222
71.3499 279 223
71.478 278 223
71.6061 278 223
71.7337 278 223
71.8623 279 223
71.9903 278 223
72.1185 278 223
72.2457 278 223
72.3738 278 223
72.5042 278 224
72.6309 277 224
72.7599 278 224
72.8912 277 224
73.019 277 224
73.149 277 224
73.2776 277 225
73.4063 277 225
73.5363 277 225
73.6644 276 225
73.749 276 225
73.831 276 225
73.9589 276 225
74.0879 276 225
74.2168 276 225
74.3463 276 225
74.4764 276 225
74.6045 276 225
74.7401 276 225
74.8677 276 226
74.9966 275 226
75.1279 275 226
75.2571 275 226
75.3871 275 226
75.5185 275 226
75.65 275 227
75.779 275 226
75.9076 275 227
76.0378 275 227
76.1681 275 227
76.297 274 227
76.4279 274 227
76.5563 274 227
76.6887 274 227
76.8175 274 227
76.949 274 227
77.0779 274 228
77.2074 274 228
77.2834 274 228
77.3838 273 228
77.5168 273 228
77.6497 273 228
77.7826 273 228
77.9249 274 219
78.0576 275 212
78.1654 275 207
78.2977 273 222
78.4348 273 233
78.573 273 233
78.7025 273 231
78.8341 272 230
78.9652 272 230
79.0966 272 229
79.2277 272 227
79.3599 273 226
79.4924 273 224
79.6257 272 216
80.6022 280 127
80.7508 281 95
80.862 281 70
81.006 281 55
81.082 280 51
81.2195 280 51
81.3648 279 49
81.5096 278 45
87.9571 260 70
88.1003 259 70
88.2444 258 75
88.3867 257 80
89.5675 265 128
92.233 269 142
92.5712 197 59
92.7097 189 54
93.97 182 55
94.1157 182 57
95.9434 188 68
96.0854 188 60
96.2141 188 60
96.2883 187 61
96.427 186 62
96.5689 186 65
96.7103 185 67
96.8503 200 63
96.9914 203 61
97.1347 204 60
97.2742 204 59
97.413 205 59
97.5523 205 59
97.666 205 59
97.804 206 58
97.9444 206 58
98.0865 206 58
98.2246 206 58
98.3643 205 58
98.5072 204 57
98.6509 204 57
98.7939 203 57
98.9367 203 59
99.0792 187 65
99.2215 186 72
99.3351 186 84
99.4753 186 92
99.6151 203 97
99.7567 203 97
99.8974 208 104
100.038 209 111
100.179 209 117
100.319 209 122
100.459 209 127
100.599 209 132
100.738 196 145
100.85 196 153
100.99 195 164
101.131 195 175
101.269 195 175
101.406 195 184
101.544 195 191
101.68 195 193
101.813 195 193
101.943 195 195
102.075 195 197
102.205 194 199
102.35 194 199
102.46 194 200
102.597 194 202
102.731 194 202
102.862 194 202
102.993 194 204
103.124 193 204
103.254 193 205
103.385 193 205
103.515 193 207
103.644 193 207
103.773 192 208
103.839 192 209
103.93 192 208
104.058 192 209
104.185 192 209
104.315 192 210
104.457 192 210
104.604 192 210
104.743 192 209
104.882 192 210
105.02 192 210
105.152 192 212
105.285 191 211
105.397 191 211
105.525 191 211
105.654 191 212
105.782 191 212
105.911 191 212
106.038 191 212
106.165 191 212
106.293 191 212
106.425 191 213
106.554 190 213
106.684 190 214
106.799 190 214
106.932 190 215
107.06 190 214
107.188 190 214
107.32 190 212
107.455 190 212
107.587 190 213
107.722 190 214
107.856 190 214
107.988 191 214
108.118 208 214
108.247 209 214
108.367 210 215
108.502 210 216
108.632 210 216
108.761 210 216
108.891 209 217
109.021 209 217
109.153 209 217
109.282 209 218
109.411 209 218
109.544 208 219
109.674 208 219
109.805 208 219
109.949 207 220
110.093 207 220
110.223 207 221
110.356 207 221
110.486 207 222
110.615 207 222
110.745 207 223
110.875 207 223
111.005 207 222
111.136 207 222
111.211 206 221
111.299 206 222
111.432 206 222
111.565 206 223
111.699 206 223
114.544 226 234
114.675 226 232
114.804 226 232
114.933 226 231
115.062 225 230
115.193 225 230
115.324 225 229
115.454 225 230
115.584 225 228
115.7 225 228
115.835 225 227
115.965 224 226
116.096 224 226
116.227 224 223
116.36 224 223
116.489 224 222
116.599 223 210
117.786 198 163
117.912 200 157
118.063 201 149
118.2 198 130
118.341 198 130
119.412 186 129
119.554 186 125
119.693 187 123
120.897 198 120
121.036 197 119
121.173 182 121
121.31 182 122
121.442 181 125
121.575 180 126
121.707 180 126
121.838 180 126
121.968 180 125
122.077 180 125
122.211 180 124
122.344 180 124
122.475 180 124
122.608 180 125
122.739 179 126
122.87 179 126
123.001 178 126
123.135 178 125
123.266 178 125
123.397 178 125
123.509 178 125
123.645 178 125
123.779 177 125
123.91 177 125
124.044 177 126
124.18 177 125
124.313 177 124
124.451 178 123
124.587 178 122
124.729 177 121
124.864 177 122
124.995 177 122
125.103 184 122
125.242 189 122
125.376 190 122
125.508 189 122
125.648 191 123
125.798 190 125
125.921 190 126
125.992 203 127
126.117 205 128
126.25 205 128
126.381 206 128
126.513 206 127
126.62 206 128
126.755 206 128
126.888 204 129
127.019 204 129
127.149 204 129
127.283 203 130
127.415 202 130
127.546 204 130
127.676 204 130
127.81 204 129
127.943 204 129
128.05 204 129
128.181 204 129
128.313 204 130
128.446 204 130
128.577 203 130
128.707 203 130
128.84 203 130
128.972 203 130
129.104 202 130
129.238 202 130
129.372 202 130
129.49 202 130
129.548 201 131
129.621 201 131
129.749 201 131
129.882 201 131
130.015 201 130
130.16 202 129
130.272 201 130
130.406 205 131
130.545 212 133
130.686 212 133
130.819 212 135
130.951 211 134
131.083 212 133
131.216 213 133
131.351 213 133
131.483 213 133
131.614 213 132
131.75 211 132
131.883 211 133
132.019 212 134
132.15 211 134
132.283 212 135
132.416 212 134
132.528 212 134
132.662 212 134
132.794 211 134
