218	134
219	133
218	130
218	130
218	130
219	130
220	131
220	131
220	130
220	130
220	130
221	131
222	131
222	131
221	131
222	132
223	132
221	132
223	132
222	132
223	132
223	133
223	134
223	135
224	135
223	135
225	136
225	136
225	136
225	136
225	135
225	135
224	135
224	135
223	135
223	135
227	141
225	145
223	134
228	137
224	135
224	135
224	135
224	135
224	135
224	136
223	136
224	136
223	135
223	135
223	135
224	137
223	135
223	135
224	135
224	135
224	136
225	136
224	136
225	136
225	137
224	137
223	137
223	137
222	137
223	137
224	137
223	136
223	136
223	137
222	137
223	137
223	139
223	138
223	139
223	139
223	139
223	140
223	141
223	141
222	142
223	142
224	143
224	138
223	143
223	141
222	139
223	138
222	139
222	139
223	143
222	136
222	136
222	138
222	138
220	138
221	138
221	138
221	139
221	139
221	136
221	139
220	138
220	138
220	137
220	133
220	133
220	135
220	132
220	135
220	131
221	131
221	131
221	131
221	130
220	130
220	130
220	130
221	129
221	130
225	126
225	131
223	129
223	129
222	129
223	130
223	130
222	129
224	130
224	130
224	130
223	130
224	130
223	129
223	130
224	131
224	129
224	130
224	129
224	129
223	129
224	129
223	129
223	129
223	129
223	128
223	128
222	128
220	127
219	127
222	128
222	127
222	128
221	127
221	127
221	129
221	129
221	130
221	129
220	129
221	129
221	129
220	129
220	129
216	127
219	129
217	129
217	129
216	129
216	130
216	129
216	129
216	129
217	129
216	129
216	130
216	130
216	130
216	132
216	132
215	134
215	134
215	132
214	133
214	133
213	133
212	133
212	132
212	132
212	135
212	134
211	134
212	135
212	136
212	136
212	136
212	137
212	137
212	138
212	139
212	139
212	139
212	140
213	140
213	141
212	141
211	142
210	142
211	143
210	145
211	144
210	145
209	147
210	146
209	145
207	146
208	148
208	149
207	148
207	150
206	149
206	150
205	151
205	151
206	151
205	151
204	150
202	151
201	151
201	151
198	150
198	151
199	152
197	152
197	152
196	152
195	153
195	153
196	154
195	154
196	155
195	155
194	156
191	156
190	155
189	155
189	155
191	156
191	156
191	157
191	157
191	156
190	155
190	156
190	156
189	157
190	157
191	157
191	157
192	157
191	155
191	156
191	156
191	156
191	156
191	157
190	158
190	161
190	158
190	158
191	160
190	160
190	160
191	159
191	160
192	161
193	163
193	163
194	163
194	162
194	162
195	162
195	163
195	162
196	161
196	161
197	162
196	161
197	160
198	162
197	162
199	161
199	160
201	160
200	160
201	160
201	160
201	159
201	160
202	162
207	172
206	166
207	166
207	166
208	165
208	165
208	165
208	166
207	166
207	166
208	167
208	167
208	167
208	167
208	167
208	166
207	166
208	166
209	166
209	165
210	165
210	166
210	167
210	167
210	166
210	166
210	167
210	166
210	166
211	166
211	166
211	165
211	166
211	165
212	165
211	164
212	164
211	164
212	165
212	165
212	165
213	166
216	165
215	166
215	166
215	167
216	167
216	167
217	167
217	167
216	167
218	167
218	167
218	167
218	167
218	167
219	167
219	166
222	166
223	166
223	166
223	166
223	166
223	166
223	165
224	165
223	165
222	165
223	165
223	165
223	165
224	165
225	165
227	164
227	164
227	165
226	164
227	165
226	164
226	164
225	164
224	164
223	164
222	164
222	164
222	163
222	163
222	163
222	163
222	164
221	163
221	163
220	163
220	163
220	163
219	163
219	163
219	163
219	164
218	164
218	164
218	164
218	164
218	164
218	164
218	164
218	164
217	164
217	164
217	164
217	165
217	165
217	165
217	165
217	165
217	165
218	165
218	165
218	165
218	165
218	165
218	165
218	165
218	165
218	165
218	164
219	164
219	165
219	165
219	165
219	165
219	165
218	165
218	166
219	166
220	166
220	166
220	166
220	166
220	166
220	166
220	166
220	166
220	166
220	167
221	167
221	167
221	167
221	167
220	167
220	167
220	167
220	167
220	167
220	167
220	168
220	168
220	168
220	168
220	168
221	169
221	169
221	169
221	169
221	169
221	169
221	169
220	169
220	169
220	169
220	169
220	169
220	169
220	169
220	169
220	169
220	169
221	169
221	169
222	167
221	167
221	167
221	167
220	167
220	168
220	168
220	168
220	168
220	168
220	168
220	168
221	169
221	167
220	167
220	167
220	167
220	167
220	167
220	167
220	167
220	166
220	167
220	166
220	166
220	166
220	166
220	166
219	166
219	166
220	165
220	166
220	166
220	166
221	166
221	166
220	166
221	166
221	166
221	166
220	166
221	166
221	166
221	166
221	166
220	166
220	165
219	165
219	166
219	165
219	165
219	165
220	165
220	165
220	165
219	165
219	165
219	165
219	165
220	165
220	165
220	165
219	165
220	165
220	164
220	166
220	164
220	164
220	165
219	165
219	165
219	165
219	165
219	165
219	165
219	165
219	165
219	165
219	165
218	165
218	165
219	165
219	165
219	165
219	165
219	165
219	165
218	164
218	164
218	164
218	165
218	165
218	165
218	165
218	165
217	164
217	164
216	164
216	164
216	164
216	164
216	164
215	164
216	163
217	163
217	163
217	163
217	163
217	163
217	163
217	163
217	163
217	163
217	162
217	162
217	162
217	162
217	161
217	161
217	161
217	160
218	161
218	161
218	161
218	160
218	160
218	160
218	160
218	160
218	159
218	159
218	159
218	159
218	159
218	158
218	158
218	158
219	158
219	157
219	157
219	157
219	158
219	159
219	158
218	158
218	159
218	159
218	158
218	158
218	158
219	159
218	159
218	159
218	159
218	159
218	159
218	159
218	159
217	159
218	159
218	159
217	160
217	160
217	160
217	160
217	161
217	160
217	160
217	160
217	160
217	160
217	161
216	160
216	161
216	160
216	160
217	160
217	160
217	160
217	160
217	160
217	160
216	159
216	159
216	159
217	159
217	158
217	158
217	158
217	158
218	157
217	158
217	157
217	157
217	157
218	157
218	157
218	158
218	158
218	158
218	159
218	159
218	159
218	159
219	159
219	159
219	159
219	159
219	159
219	158
220	159
220	159
220	159
220	160
220	159
221	159
221	159
222	159
222	159
222	159
222	159
222	159
223	159
223	160
223	159
223	160
223	160
224	160
224	160
223	161
224	161
224	161
224	161
224	161
224	162
224	162
224	161
225	161
225	162
225	162
226	163
225	163
225	163
225	163
225	163
225	163
225	163
225	162
225	162
225	162
226	161
225	161
225	161
225	161
225	161
225	161
225	161
225	161
224	161
225	161
225	161
225	161
224	161
225	160
224	160
224	160
224	160
223	159
223	159
223	159
222	159
222	159
222	159
222	159
222	159
223	159
223	159
223	159
223	159
221	159
220	159
217	159
213	159
210	158
206	157
203	156
199	155
197	154
194	154
191	154
187	154
184	153
181	152
177	152
173	152
169	152
167	152
165	151
162	152
159	153
157	152
153	148
154	151
152	150
149	150
148	146
146	147
143	143
142	145
141	146
140	150
138	150
138	150
136	150
135	150
135	150
135	151
134	150
133	151
131	151
131	151
129	152
129	152
129	152
129	152
127	152
129	152
129	152
126	152
129	152
127	152
127	151
127	151
126	150
128	150
129	150
129	151
129	151
129	150
130	151
131	151
130	151
130	151
130	151
131	151
131	150
131	150
131	150
131	151
131	151
131	151
131	151
130	150
129	151
129	152
126	150
125	153
123	152
122	155
120	153
118	152
117	152
116	153
115	154
116	155
116	154
116	154
117	154
117	154
118	154
118	153
118	153
118	153
118	153
118	153
118	153
118	153
118	154
118	154
118	154
118	155
117	154
118	154
118	154
118	154
117	154
118	155
117	153
117	155
117	154
118	153
118	153
118	153
118	152
118	152
118	152
118	152
118	151
118	151
118	151
117	152
117	152
117	152
117	151
117	151
117	151
117	151
117	151
117	151
116	151
116	151
116	151
116	150
116	151
116	150
116	150
115	150
115	150
115	150
115	150
114	152
115	151
114	153
114	151
114	153
114	152
114	151
115	151
115	151
114	149
115	149
115	149
115	148
116	148
116	150
117	150
116	150
118	149
120	149
122	147
124	148
125	148
126	147
126	147
126	147
126	147
126	146
125	147
124	147
124	146
124	148
124	147
124	146
123	146
123	146
123	145
123	145
123	145
122	146
122	145
121	145
121	145
121	145
121	145
121	145
121	146
121	146
121	146
122	146
122	146
122	146
122	145
121	145
121	144
121	144
121	143
121	144
121	142
120	142
120	142
120	144
121	145
121	145
120	145
120	145
120	145
120	145
120	144
119	144
120	143
120	143
120	143
119	143
120	143
120	145
120	145
120	145
119	145
118	145
119	145
118	146
118	144
118	144
118	144
118	144
118	144
117	145
117	145
117	144
116	144
116	145
116	145
116	145
115	145
114	145
114	145
114	145
114	146
114	145
114	145
114	145
114	144
115	144
114	144
115	143
115	143
115	143
115	143
115	143
115	142
115	142
115	142
115	141
115	141
115	142
115	142
115	143
115	143
115	143
115	143
116	143
116	143
116	143
116	144
116	144
116	144
117	143
117	143
117	143
118	143
118	143
118	142
118	144
119	143
119	143
119	141
118	142
119	142
119	142
119	142
119	142
119	142
119	142
119	142
119	142
119	142
119	142
119	142
119	143
119	143
120	141
120	141
119	141
119	142
119	142
119	142
119	142
118	142
118	142
118	142
118	142
118	142
118	142
118	142
119	142
119	142
119	142
119	142
119	141
119	140
119	140
119	140
119	140
119	140
119	139
119	139
119	139
119	139
118	138
119	141
119	140
119	139
119	139
119	138
119	138
119	138
119	138
119	138
119	138
119	137
119	137
119	137
119	137
119	137
119	137
119	137
119	137
119	137
119	137
119	137
119	137
120	137
120	138
120	137
120	137
120	136
121	137
121	137
121	137
121	137
121	135
121	135
121	135
121	135
121	135
121	135
121	135
121	134
122	134
123	134
123	134
125	134
127	134
130	133
132	134
134	134
134	135
135	136
135	134
136	135
136	134
136	134
136	136
135	135
134	136
134	135
134	135
134	135
134	135
134	137
135	138
135	138
135	138
135	139
136	140
136	134
136	134
136	135
136	136
136	136
136	136
137	136
137	137
137	136
138	138
137	137
138	137
137	137
137	138
137	139
137	138
137	140
138	143
138	143
138	143
138	139
139	143
139	140
139	143
139	143
138	143
138	143
138	144
137	144
137	144
138	144
138	144
138	143
137	142
138	139
137	142
138	140
137	141
137	142
137	144
137	144
138	145
138	144
138	145
138	144
138	143
138	143
138	143
138	143
138	143
139	143
139	143
141	144
144	147
150	150
158	145
238	167
237	162
238	163
239	163
238	163
237	163
235	161
236	162
236	163
235	163
235	164
235	165
234	165
232	165
231	165
231	165
231	166
230	166
230	167
229	168
228	168
228	168
228	168
228	168
228	168
227	168
226	168
226	168
225	169
225	168
225	169
224	169
223	169
223	170
223	170
222	170
222	170
222	170
221	170
222	170
221	170
223	170
222	169
222	169
222	167
221	166
220	165
219	165
218	165
217	165
214	163
214	163
212	163
209	162
208	162
208	162
208	162
209	161
209	161
209	162
210	162
210	162
210	163
210	163
210	163
211	163
211	164
211	163
211	163
211	163
211	163
212	163
212	164
212	164
212	163
211	163
212	163
212	163
212	163
213	163
213	162
213	163
213	162
213	163
213	162
213	163
214	162
213	162
213	162
213	162
213	162
213	162
213	162
213	162
214	162
213	163
214	163
213	163
214	163
215	162
215	163
216	163
217	162
218	161
218	161
218	161
218	161
219	162
219	162
219	162
219	161
219	162
219	162
219	162
218	162
219	161
219	161
219	162
219	160
219	160
219	160
219	159
219	159
219	159
220	159
219	159
219	159
219	159
220	159
219	159
219	159
219	159
220	159
219	159
219	158
219	158
219	158
219	158
219	158
219	158
219	159
219	157
219	157
219	157
218	157
219	158
218	158
218	158
218	159
218	158
218	159
218	158
218	158
219	158
218	158
218	158
218	158
219	158
218	158
219	158
219	158
219	158
219	157
219	156
219	157
219	156
218	157
218	157
218	157
218	157
218	157
218	156
218	157
218	157
218	156
218	156
218	155
218	155
218	156
218	156
218	155
218	155
217	155
218	155
217	155
217	155
217	155
217	155
217	155
217	157
216	155
217	155
217	156
217	155
217	154
217	155
216	154
216	154
216	154
216	155
216	154
216	154
216	155
216	154
216	155
216	156
216	155
216	155
216	155
216	155
216	156
216	156
216	156
216	155
217	156
216	156
217	156
217	156
217	156
217	157
217	156
218	157
218	156
218	157
219	157
219	157
218	157
219	157
218	157
219	157
218	157
218	157
218	157
218	157
218	156
218	156
219	156
218	156
219	155
219	155
218	154
218	153
219	153
218	153
218	152
218	152
217	152
218	152
217	151
217	152
217	152
217	151
217	151
218	151
217	151
217	151
217	152
217	151
216	152
216	152
216	152
216	152
216	152
216	151
216	152
216	153
216	152
215	153
215	153
215	152
216	152
216	152
217	152
217	152
217	152
218	152
218	151
216	150
212	149
210	149
207	148
204	147
201	146
199	146
196	146
193	145
191	145
189	145
186	145
184	145
182	146
180	145
176	145
174	145
171	145
168	145
166	145
164	146
162	144
159	144
157	145
156	144
152	144
150	144
148	144
146	143
144	143
142	144
141	143
139	144
138	143
136	136
136	140
134	144
131	139
130	141
130	142
129	143
129	142
128	142
128	142
125	141
125	142
117	143
124	141
124	142
123	144
123	142
123	143
122	134
121	141
121	137
120	141
121	140
122	143
121	143
122	140
120	143
120	143
120	142
120	140
118	139
119	139
118	136
117	137
117	137
117	136
116	136
116	136
115	138
114	138
114	137
113	136
113	136
111	134
111	137
110	136
109	133
109	135
108	135
107	136
107	136
105	136
105	136
104	136
104	136
102	135
102	134
102	134
101	134
101	131
100	133
101	133
101	134
101	133
101	132
101	133
101	133
101	132
101	134
101	133
102	133
102	129
102	128
102	131
102	132
102	132
102	132
103	133
103	131
104	132
104	131
104	133
104	133
105	131
105	132
105	131
105	132
105	131
105	130
105	131
105	130
103	131
102	132
100	132
98	132
96	130
95	131
95	132
93	132
92	132
91	136
90	137
92	134
93	135
93	135
91	135
93	135
93	135
93	134
93	134
94	134
93	134
92	134
92	133
93	133
92	133
92	130
92	130
90	130
92	129
91	132
91	129
91	130
91	130
91	129
91	128
91	128
91	129
91	128
91	131
90	132
90	131
90	131
90	130
90	130
91	130
91	130
90	129
90	130
91	130
90	130
90	129
90	131
89	129
90	129
90	128
91	128
90	128
90	127
90	127
90	127
90	126
90	125
90	126
90	126
90	126
90	123
90	124
90	124
90	125
90	126
91	126
90	125
90	124
90	124
90	123
91	125
90	126
90	125
90	126
90	127
91	125
91	124
91	122
91	128
91	127
92	128
92	127
93	127
92	128
92	124
91	127
90	128
89	128
88	128
88	129
88	129
88	129
89	129
89	130
89	129
90	129
89	129
90	128
91	130
91	129
92	130
92	129
92	128
92	128
92	128
92	128
91	128
92	130
91	130
91	130
91	131
91	128
91	130
91	130
91	129
91	131
91	130
91	130
92	131
92	131
92	132
93	131
93	131
93	131
94	130
95	130
95	130
95	131
94	129
96	130
97	129
97	130
96	129
96	128
99	129
99	130
99	129
98	130
100	130
99	129
100	129
101	130
102	128
102	130
102	130
102	129
103	130
104	129
104	129
105	128
105	129
107	128
107	128
108	127
108	128
108	128
110	128
110	128
111	130
112	130
112	130
112	126
113	128
113	127
114	126
114	127
115	126
115	128
115	127
114	129
115	129
115	127
116	129
117	128
118	126
118	127
117	126
117	128
117	128
116	127
117	129
115	129
116	126
116	128
116	128
115	128
115	128
115	126
115	126
115	127
115	127
116	128
116	128
115	129
116	129
116	128
115	128
116	128
116	129
115	128
115	128
115	128
115	129
115	129
114	129
114	130
114	130
114	131
114	130
114	131
115	130
115	131
115	131
115	132
114	133
114	132
114	133
115	131
114	132
115	133
114	133
114	132
114	132
114	133
115	132
115	132
115	131
116	131
116	131
116	131
116	131
117	131
118	130
117	131
117	132
117	131
118	132
118	131
118	131
119	131
119	131
118	131
118	132
118	132
118	131
119	132
119	132
118	132
119	133
119	132
119	133
119	133
120	134
119	134
120	135
120	135
119	133
120	135
120	134
118	135
120	136
120	134
120	135
120	136
120	136
119	136
120	136
120	137
120	137
120	137
121	138
120	136
120	137
119	137
120	134
120	138
120	137
120	140
120	138
119	138
119	139
118	138
119	140
119	139
118	139
118	139
119	139
119	138
119	138
119	137
119	137
120	138
120	138
120	136
120	137
120	138
119	137
119	137
119	137
119	137
119	136
119	136
119	136
119	137
119	137
119	138
119	138
120	139
119	139
119	138
119	138
116	138
118	139
119	140
118	140
120	141
120	141
120	142
121	142
121	142
121	142
121	142
121	143
121	142
121	142
121	141
121	141
121	142
121	140
121	142
122	141
121	142
122	141
122	141
120	142
122	141
121	142
123	142
121	142
123	142
123	142
122	143
119	142
123	141
123	139
123	138
122	142
122	139
121	141
122	140
122	140
120	141
123	140
122	139
121	139
122	139
121	138
122	137
121	138
122	139
122	138
122	138
122	137
122	138
121	138
120	139
118	138
121	139
119	139
121	139
119	141
121	140
121	141
121	141
121	140
121	140
122	140
121	140
123	140
123	140
122	140
122	140
122	141
122	140
123	141
123	141
123	140
123	140
123	139
124	141
123	140
122	141
123	141
124	140
124	142
125	141
125	140
125	140
125	142
124	142
124	142
125	141
122	143
124	142
124	141
125	141
124	140
124	141
124	140
124	142
124	141
124	141
124	141
124	141
124	141
124	142
124	141
124	141
123	141
122	142
122	142
122	143
122	143
121	144
122	144
122	144
122	145
122	144
118	145
122	145
122	146
122	146
122	146
122	145
121	144
122	144
122	144
122	145
122	146
122	147
121	148
121	148
122	148
121	147
121	147
121	145
119	148
121	147
121	145
121	146
119	147
119	147
120	147
120	146
120	146
120	146
121	146
120	146
120	146
119	145
121	145
120	145
120	144
120	144
119	144
120	143
118	144
120	143
120	143
119	142
120	142
120	141
120	142
120	141
120	140
120	140
120	140
120	140
120	140
120	139
119	139
119	138
120	139
120	138
120	138
120	137
120	137
120	134
120	134
121	135
121	136
122	136
122	134
121	135
121	135
122	135
121	134
122	133
122	135
122	134
122	134
122	134
122	133
123	133
123	134
121	132
122	133
122	134
123	133
123	132
122	133
122	134
123	134
123	134
122	136
123	134
123	129
123	129
123	133
123	134
123	135
123	134
122	134
122	133
122	133
122	133
121	133
123	134
123	132
123	132
123	132
123	132
123	133
123	133
122	133
123	131
124	128
124	130
124	131
123	130
123	129
124	128
124	129
124	129
124	127
124	128
124	128
125	127
124	126
125	126
125	125
124	125
126	125
125	125
126	124
125	125
125	125
125	123
125	124
126	124
126	123
126	124
126	125
126	125
126	125
125	125
126	125
125	126
126	125
127	127
127	129
127	128
130	128
132	125
137	124
141	123
144	123
148	123
152	120
156	125
161	123
164	123
169	124
172	124
175	124
179	124
182	124
186	125
191	125
195	125
198	126
201	126
204	126
206	126
209	126
211	127
214	128
216	128
219	128
222	129
223	129
225	129
227	130
229	132
230	132
231	133
232	133
233	135
234	136
235	136
235	137
236	138
236	139
236	141
236	141
235	142
235	144
234	144
234	145
233	144
231	145
231	145
231	145
230	146
229	146
228	145
228	146
226	145
226	145
225	145
224	145
224	144
223	144
221	144
221	143
220	144
219	144
219	144
218	143
217	143
217	144
217	142
216	142
216	142
216	142
215	142
215	142
215	142
215	142
216	142
216	142
216	142
215	142
215	143
216	142
216	143
215	142
213	141
209	142
207	141
206	140
204	140
203	140
203	140
203	140
203	140
205	139
205	140
205	139
205	139
205	139
206	139
207	139
206	139
206	139
207	138
207	138
207	138
208	138
208	137
208	138
208	137
208	137
209	137
209	138
210	137
210	137
210	136
210	137
210	138
211	137
212	138
212	137
212	137
212	137
213	137
213	138
214	137
215	137
214	137
216	136
215	137
216	137
216	136
216	136
216	137
217	137
217	136
218	136
219	136
220	135
221	135
221	135
222	135
221	134
222	136
222	134
222	134
222	135
223	134
223	134
224	134
224	133
225	135
225	133
225	133
225	133
225	133
226	133
225	133
225	134
226	133
226	134
225	133
225	133
225	133
225	133
225	134
225	133
225	133
225	132
225	132
225	132
225	133
226	132
226	132
226	132
226	131
226	131
226	131
226	131
225	132
225	131
225	131
225	131
224	132
224	131
224	131
224	131
223	131
224	131
223	132
222	131
223	132
223	131
223	131
222	131
224	131
222	131
222	131
222	131
222	131
223	130
222	131
222	131
222	131
222	131
222	132
222	130
222	130
223	130
222	131
223	130
224	130
223	130
223	130
223	130
223	130
223	130
224	130
224	130
224	130
225	130
224	130
225	130
225	130
225	131
225	130
225	130
225	131
225	130
225	131
225	131
226	132
224	132
225	132
225	132
225	131
226	132
226	132
226	133
225	132
224	133
224	132
225	132
224	132
225	132
224	132
224	132
224	132
225	132
224	132
224	133
223	132
223	133
222	133
223	132
222	133
223	133
222	134
222	133
221	134
221	134
221	134
221	134
221	134
222	134
220	134
220	134
221	135
220	134
221	134
221	134
220	134
221	134
221	134
221	134
221	134
221	134
221	134
221	134
221	133
221	133
221	133
221	134
221	134
222	134
221	135
222	134
222	134
222	134
222	134
222	135
223	134
223	135
223	135
222	135
222	135
223	135
223	135
223	135
223	135
223	135
223	136
223	135
223	135
222	136
223	135
223	134
223	134
222	134
223	134
222	133
222	133
222	133
223	132
222	132
222	131
222	131
222	131
221	131
222	132
221	131
221	131
221	130
221	131
221	131
221	130
221	131
219	130
219	131
219	130
219	131
220	131
219	131
220	130
218	130
219	130
219	130
218	130
218	129
218	130
218	130
218	130
218	130
218	129
219	129
218	129
218	130
218	129
218	129
218	129
219	129
219	129
220	129
219	128
219	129
220	128
220	128
222	128
220	128
220	129
220	128
220	130
221	128
220	129
220	129
220	129
221	129
220	129
221	129
220	129
221	129
221	129
221	129
221	129
220	129
221	130
221	129
222	130
222	129
222	129
222	129
222	129
222	129
222	129
222	128
223	128
223	128
223	128
223	128
223	127
224	128
224	127
224	127
224	127
224	127
223	127
225	127
224	128
225	127
224	128
225	128
224	127
224	128
224	128
222	127
220	127
217	127
215	127
213	127
208	127
207	126
205	126
204	126
202	126
202	126
200	126
198	126
196	127
194	127
193	127
192	127
191	126
190	127
189	127
188	127
187	127
184	127
183	127
181	128
177	127
173	127
171	127
169	126
166	127
163	127
160	125
157	125
155	124
151	123
148	122
144	123
142	123
141	118
138	118
136	121
133	120
131	120
130	118
129	116
127	116
127	111
126	115
126	117
125	113
124	116
122	114
122	114
121	113
120	114
120	116
120	115
120	115
120	114
120	116
120	116
120	115
120	118
120	119
120	117
120	117
120	117
119	118
121	118
120	117
122	117
123	118
122	119
123	118
123	120
124	120
124	119
124	118
124	117
125	118
124	118
124	119
124	119
125	117
125	118
125	119
125	118
125	118
125	118
125	116
126	113
126	114
126	115
126	116
126	114
126	115
126	114
126	113
126	113
126	113
126	114
126	111
127	112
126	111
127	111
127	110
126	110
128	111
128	112
128	111
129	111
129	110
129	110
131	109
130	110
130	109
131	108
130	108
130	110
129	111
126	112
123	111
123	111
120	112
119	113
119	115
120	113
120	113
121	113
123	111
124	110
124	114
126	114
126	112
127	112
128	111
129	111
128	111
129	111
130	112
130	108
131	112
131	110
130	111
132	109
133	110
132	110
133	110
134	110
134	112
134	111
132	111
135	110
134	109
134	109
135	109
133	109
135	109
135	108
134	108
134	108
133	108
133	108
131	108
133	108
133	107
134	106
132	106
134	108
133	106
134	107
133	105
133	105
132	104
133	105
132	102
132	104
132	105
132	104
131	105
131	104
129	104
131	105
129	105
130	105
130	105
130	106
128	104
130	103
130	106
129	106
129	106
130	105
129	105
129	103
129	104
129	104
129	104
129	103
128	103
127	104
127	105
125	106
127	105
127	106
126	107
126	106
122	107
126	107
126	107
126	107
125	106
125	106
125	107
125	107
125	106
125	108
125	106
124	107
124	108
125	106
125	108
125	108
125	108
124	109
125	108
125	108
125	107
125	109
125	108
124	108
125	107
125	108
124	107
124	106
124	106
124	106
123	108
124	107
124	107
124	106
124	107
124	108
124	108
123	108
123	109
123	108
122	106
122	108
122	109
122	110
122	110
122	109
121	110
121	110
120	111
120	111
120	112
121	112
121	113
121	112
121	113
121	113
121	113
120	114
120	114
119	115
118	114
117	112
120	113
116	115
119	114
119	114
119	114
118	115
118	114
118	114
117	115
117	115
118	115
118	114
118	115
118	116
118	115
117	116
118	116
117	118
117	117
117	119
117	118
117	118
117	117
116	118
116	117
116	119
117	119
117	119
117	119
116	119
117	118
115	119
116	119
117	118
116	119
117	118
115	117
116	117
116	116
116	117
115	117
114	117
115	116
114	116
114	118
115	118
115	119
114	118
114	117
114	116
114	116
114	117
114	118
114	117
115	117
115	116
114	116
115	116
114	114
115	115
114	114
116	115
116	112
114	115
115	116
115	115
116	115
116	115
116	115
117	114
117	114
117	113
117	114
118	114
118	114
118	114
118	114
118	113
118	114
118	115
119	113
120	114
120	113
120	113
121	113
121	113
121	114
122	113
122	112
122	113
122	113
123	114
123	113
123	112
121	112
121	112
123	113
122	114
122	114
122	114
122	113
121	114
123	113
123	115
122	114
122	116
122	116
122	115
122	115
122	116
122	117
123	118
122	117
122	118
101	128
100	126
100	126
111	125
121	121
119	120
120	123
118	122
118	120
118	120
118	122
118	121
118	121
116	121
118	121
118	120
118	121
117	120
119	121
118	120
118	122
119	121
118	122
119	123
119	122
119	122
119	123
119	122
118	122
118	122
119	122
118	123
118	124
118	123
118	123
118	124
118	124
119	125
118	124
118	125
118	122
118	121
119	121
119	123
118	123
119	122
118	122
119	122
119	122
118	121
118	123
118	121
118	120
119	121
119	121
118	121
118	120
118	122
118	121
118	122
118	121
118	121
118	121
117	122
118	120
117	120
117	117
117	118
116	119
116	119
116	120
115	121
115	118
115	119
115	119
115	118
115	119
115	120
114	119
114	118
114	119
113	119
114	118
113	118
113	118
112	119
113	119
113	119
113	119
113	118
113	117
113	118
113	118
113	119
113	118
113	118
113	118
113	117
113	118
113	116
113	116
113	115
113	115
113	115
113	115
113	114
113	115
113	114
113	115
113	115
113	115
113	115
113	116
114	115
113	114
114	114
114	114
114	114
114	114
114	114
114	113
114	112
114	113
114	114
114	113
115	113
115	113
115	113
115	113
115	113
115	111
115	109
115	109
115	111
116	111
116	110
116	110
116	110
115	109
117	110
118	111
117	111
117	109
118	111
118	109
118	111
118	113
117	111
117	111
118	109
118	110
118	111
118	112
118	110
118	112
119	110
119	110
119	112
120	113
120	113
120	115
120	112
121	112
121	112
120	114
121	113
121	113
121	113
121	114
121	115
121	114
122	115
121	114
121	115
122	114
121	114
121	114
121	114
122	111
121	112
121	113
121	113
121	112
121	112
122	114
121	113
122	112
122	112
122	112
122	112
122	113
121	109
122	113
121	112
121	112
121	114
121	111
119	112
121	112
121	112
122	113
122	114
122	113
122	114
122	113
122	112
122	112
122	113
122	111
122	113
122	113
121	114
122	115
123	115
123	113
123	112
122	115
123	115
123	115
123	113
123	114
124	116
123	115
123	115
123	115
123	116
123	114
123	114
123	116
123	115
123	115
123	116
122	116
123	116
122	116
122	116
122	115
122	117
122	116
122	116
121	116
121	116
121	117
121	117
121	115
121	114
122	117
121	116
121	116
120	115
120	115
120	113
121	116
121	117
121	116
121	117
121	116
121	115
121	117
121	117
121	117
121	118
121	118
121	119
121	118
121	116
121	118
121	119
122	120
122	120
122	119
122	119
122	120
122	120
123	119
122	119
123	120
123	120
123	118
122	119
123	117
123	119
123	118
123	118
123	118
123	118
123	117
123	117
123	117
123	116
124	116
124	116
123	115
124	114
124	113
123	112
123	113
123	111
122	111
123	113
123	112
123	112
122	112
122	112
122	112
122	112
122	110
122	110
122	111
122	110
122	111
123	111
122	111
121	111
122	110
121	110
122	112
122	112
122	112
122	111
122	112
122	112
121	113
121	112
122	112
122	113
122	112
122	110
122	113
122	113
121	111
121	113
122	113
122	113
121	109
123	113
122	112
121	111
121	109
121	110
122	108
122	111
122	111
123	110
122	110
122	109
122	109
121	109
122	108
122	109
123	108
123	109
124	108
125	108
125	110
125	107
126	108
126	107
127	107
127	105
126	106
127	104
128	104
128	104
128	103
129	105
130	103
130	103
131	102
130	103
131	104
132	103
134	104
134	106
135	105
135	104
136	104
136	104
137	106
138	107
138	106
137	107
139	105
139	105
139	107
138	104
139	106
139	104
138	107
139	108
139	104
139	108
138	108
134	108
138	105
135	106
136	105
136	106
135	106
135	106
134	105
135	104
134	105
134	105
134	107
133	106
133	106
132	107
134	107
134	108
134	106
134	107
135	106
134	105
134	104
134	104
134	107
133	105
133	107
133	107
134	108
134	105
135	109
135	108
135	111
135	112
135	111
136	112
136	111
135	112
136	111
137	113
137	113
137	114
138	114
138	112
138	112
138	115
138	113
138	114
138	115
139	113
139	115
138	113
139	115
140	114
140	115
140	113
139	112
139	116
137	114
135	116
136	118
138	117
137	115
139	117
141	114
140	115
139	112
143	114
143	113
144	113
144	113
143	115
145	112
142	115
143	113
143	114
142	115
144	116
144	115
144	115
145	115
145	116
145	116
145	116
145	117
145	117
143	117
144	117
143	119
142	118
143	119
142	118
143	119
143	117
143	118
143	117
143	117
142	116
144	120
143	119
143	120
143	118
144	119
144	118
144	120
144	120
144	120
143	121
143	121
143	121
142	119
143	121
142	122
143	123
143	123
142	124
143	124
142	124
142	122
141	121
142	122
141	123
142	121
141	124
141	126
141	125
140	125
140	127
140	121
138	127
139	125
139	127
140	127
139	127
139	125
139	128
139	129
139	129
139	128
138	131
137	127
138	127
138	127
138	130
136	130
136	126
137	128
137	129
137	131
136	127
136	128
135	128
136	129
135	129
134	129
135	128
135	128
135	129
135	127
135	127
136	130
136	131
136	126
136	127
136	130
136	131
136	132
136	132
136	132
136	132
136	129
135	131
136	132
135	129
135	130
134	134
135	132
135	130
135	130
133	131
135	130
134	132
135	134
135	133
135	132
135	132
134	134
134	133
134	134
133	132
135	134
133	133
134	131
135	132
134	133
135	134
135	134
135	134
135	133
135	133
134	135
135	135
135	134
135	134
135	134
134	132
135	133
135	133
134	135
134	134
134	134
135	134
134	131
135	132
135	131
134	131
135	133
135	134
135	132
136	133
136	131
136	132
135	132
136	132
136	132
136	131
137	131
137	130
137	130
137	129
137	128
136	128
137	129
136	127
136	127
136	128
136	127
136	126
136	125
135	126
136	126
136	126
136	126
136	126
136	126
136	125
135	125
135	125
135	122
135	125
135	123
135	124
135	122
134	123
134	121
134	122
134	123
133	123
134	123
133	123
133	121
133	124
132	122
133	125
132	122
132	124
133	123
131	125
133	124
133	124
134	123
134	125
135	122
135	126
136	126
136	125
136	126
136	127
136	127
136	127
136	128
138	126
138	129
138	127
139	127
139	127
139	128
139	128
140	129
140	130
140	130
141	130
141	129
142	128
142	127
142	127
142	130
143	129
143	131
144	130
144	130
145	130
145	129
145	131
146	132
146	130
146	132
147	132
147	131
147	133
148	132
148	131
148	133
148	132
149	131
149	132
149	132
148	133
149	131
149	132
149	132
148	132
148	132
148	132
148	133
148	132
147	131
148	130
148	131
148	133
147	131
147	130
146	130
146	131
146	129
146	128
145	130
145	129
145	130
143	131
144	131
142	130
142	129
142	133
141	128
141	130
141	128
141	132
141	132
142	134
141	133
141	131
141	133
141	133
141	132
141	134
141	135
140	135
141	134
140	134
140	135
140	136
139	136
140	134
139	134
139	135
139	136
140	136
139	136
139	136
139	134
140	135
139	135
139	132
139	132
139	136
139	135
139	134
140	135
139	133
139	133
139	131
140	136
139	135
139	134
140	135
139	135
140	134
140	134
139	134
139	132
138	132
139	133
139	133
139	133
139	133
139	134
138	134
139	134
139	134
139	131
138	136
139	135
139	134
140	134
139	134
140	133
140	134
140	135
140	133
140	133
140	132
140	133
141	133
141	134
141	135
141	133
141	133
141	134
141	135
141	134
141	135
141	135
141	135
141	135
141	135
141	136
142	137
141	137
141	135
141	134
141	135
141	134
141	134
141	133
140	134
140	134
140	133
141	133
139	133
140	134
139	134
138	133
138	131
138	131
138	131
138	130
137	132
137	133
137	130
136	131
136	129
137	131
136	132
136	130
136	132
135	131
135	130
135	130
136	131
136	132
136	131
136	131
136	132
136	131
136	131
137	131
137	131
136	132
137	132
138	133
138	133
137	133
138	132
138	131
138	132
138	128
139	132
139	132
138	134
138	134
138	133
139	133
140	134
140	134
140	135
139	133
139	133
139	131
139	132
139	132
138	132
138	134
138	132
139	130
139	131
140	133
142	130
146	129
149	130
152	131
155	128
158	130
160	129
162	131
166	133
170	133
172	134
176	134
179	136
180	137
184	141
186	141
189	140
191	141
200	141
204	142
204	147
207	146
212	144
209	145
213	143
216	144
211	144
213	145
215	144
221	144
219	144
220	144
222	144
223	144
222	144
225	143
225	143
225	142
225	142
226	141
226	141
226	140
227	140
227	140
228	139
227	139
228	138
227	138
226	138
226	138
226	138
226	137
226	137
226	136
226	136
225	135
225	135
224	135
224	134
223	134
223	134
222	134
222	134
222	133
221	133
221	133
221	133
220	133
220	132
220	133
220	133
220	132
220	133
219	133
219	133
219	132
219	132
219	132
220	132
220	133
220	134
220	133
220	134
220	134
219	134
220	134
221	134
221	134
221	134
220	134
221	135
221	134
221	135
220	135
222	134
222	134
222	134
222	134
222	134
222	134
223	135
223	134
223	134
223	134
224	134
224	134
225	134
224	134
226	134
226	134
226	134
226	134
226	134
227	134
227	133
226	133
227	133
227	133
227	132
227	132
228	132
228	132
228	131
228	131
229	132
230	131
229	131
230	131
231	131
230	131
231	131
233	131
236	131
237	132
239	132
241	132
243	132
244	132
247	133
248	135
248	134
251	134
251	135
251	135
252	135
252	136
252	136
253	136
252	137
253	137
252	137
251	137
252	137
251	137
250	137
250	137
249	137
250	137
249	138
249	137
248	137
249	137
249	137
248	138
248	137
248	137
247	138
247	138
247	138
247	137
248	138
248	137
248	137
248	137
248	137
247	137
248	137
248	137
248	137
248	137
248	138
248	138
247	137
248	137
247	137
247	137
246	138
246	138
246	138
246	137
246	138
246	137
246	137
246	138
246	137
245	137
246	138
245	138
246	138
246	138
246	138
245	138
246	138
246	139
245	139
246	139
245	138
245	139
245	139
246	139
246	139
245	139
245	139
245	139
245	140
245	139
245	139
245	140
244	140
243	141
244	141
243	140
243	142
243	140
243	140
242	141
243	140
241	139
241	139
241	139
241	140
240	140
241	140
240	140
239	140
239	140
238	140
238	139
238	139
238	140
237	140
237	140
237	140
236	140
236	140
237	140
235	140
236	140
235	140
235	140
235	140
234	140
234	140
234	141
233	141
233	141
233	140
233	140
233	140
232	140
232	140
232	140
233	140
233	140
233	140
232	140
232	140
233	138
233	139
233	139
235	139
235	139
235	139
234	139
236	139
235	139
237	139
236	139
237	139
237	139
237	139
238	139
238	139
238	140
239	140
239	140
240	140
240	140
240	139
241	140
241	140
241	140
241	140
243	140
243	140
242	141
244	141
243	141
244	141
245	142
245	142
245	142
244	142
245	143
246	144
246	144
247	144
247	145
247	144
246	144
247	144
246	144
247	144
247	144
247	144
247	144
247	145
247	144
247	145
247	145
247	145
246	145
247	144
247	145
247	145
247	145
247	144
247	144
247	144
247	144
247	144
247	145
247	143
247	144
247	144
248	144
247	144
247	143
247	143
247	143
247	143
247	143
247	143
247	143
247	143
247	143
247	142
247	142
247	142
246	142
247	142
247	142
247	141
247	141
248	142
247	141
248	142
247	141
247	143
247	142
247	142
247	142
247	141
248	141
248	140
248	141
248	141
248	140
248	140
247	139
248	140
248	139
248	139
248	139
247	139
247	140
248	139
248	139
247	138
247	140
247	140
247	139
247	140
247	140
247	139
247	139
246	140
247	139
247	139
247	139
247	139
246	139
247	139
247	139
247	139
247	140
247	139
247	140
247	141
246	141
246	140
247	141
246	142
246	141
246	142
246	141
246	141
246	141
246	139
245	140
245	140
245	140
245	139
245	140
244	141
245	141
244	142
244	142
244	142
244	143
244	142
244	143
244	144
245	143
245	144
244	143
244	143
245	143
244	143
244	143
244	143
244	143
244	143
244	143
244	142
244	143
244	142
244	142
244	143
244	142
244	142
245	141
246	143
245	142
245	141
246	141
245	141
246	141
246	140
246	140
245	140
245	139
246	140
246	139
245	140
245	139
245	139
245	138
245	138
245	138
245	140
245	139
245	140
245	140
245	140
244	140
245	140
245	140
245	141
244	140
244	141
244	141
244	141
244	141
245	142
246	141
245	141
245	142
245	142
245	143
245	142
244	142
245	142
245	142
245	142
244	143
244	143
245	144
244	144
244	145
244	145
243	146
245	146
243	147
243	147
244	147
244	148
243	148
244	149
244	148
245	149
245	149
245	150
244	149
245	150
244	150
244	151
244	150
245	150
244	150
245	151
244	151
245	152
245	152
246	151
246	152
246	152
245	153
246	153
246	152
247	152
246	153
248	153
248	154
248	154
247	154
248	154
248	154
248	155
249	155
248	155
248	155
248	156
249	155
249	155
250	156
250	156
251	156
251	156
251	157
251	157
252	158
253	158
252	159
253	160
252	162
251	159
249	160
244	160
245	166
245	167
154	142
154	141
153	142
152	141
149	142
146	143
146	143
147	144
146	144
145	142
145	146
144	147
144	144
144	147
144	147
144	148
144	149
144	150
143	151
144	151
144	151
143	152
144	152
142	153
142	154
141	155
141	155
141	154
141	154
143	155
143	155
143	156
144	156
145	156
144	155
145	155
145	154
145	154
145	154
145	154
144	153
144	154
144	155
144	156
145	155
144	155
145	155
145	157
145	155
144	156
144	156
145	156
145	156
145	157
145	158
145	159
145	159
144	159
145	159
144	160
145	159
144	158
144	158
145	157
144	160
144	159
145	159
145	160
145	159
145	160
144	160
145	161
145	159
145	158
145	158
145	158
145	159
145	159
146	159
145	159
145	159
145	158
145	160
145	160
146	160
146	160
146	159
146	160
146	160
146	160
146	160
147	159
147	160
147	161
147	161
147	161
147	159
147	162
147	157
147	160
147	160
147	160
148	160
147	160
147	159
147	159
147	160
147	161
147	161
147	161
147	162
147	159
147	160
146	160
146	160
146	160
146	160
146	159
145	159
146	158
146	159
145	157
145	158
145	159
145	158
145	156
145	159
145	157
144	158
144	159
143	157
143	156
143	157
143	156
143	156
143	157
142	156
142	155
142	156
142	155
142	155
141	154
142	154
142	154
142	155
142	155
142	154
140	154
143	153
144	151
146	150
147	153
147	153
148	151
148	152
148	152
148	151
147	153
147	153
148	154
148	152
148	153
147	152
148	153
148	153
148	153
148	152
148	152
147	152
148	152
148	152
147	152
148	150
148	148
149	151
149	151
148	151
148	151
148	152
149	151
148	151
149	152
148	149
148	148
148	149
149	150
148	150
148	152
148	149
148	149
148	148
148	148
148	148
148	147
147	150
146	149
147	149
147	149
146	150
146	149
146	149
145	149
145	149
145	149
145	150
145	149
145	152
145	149
145	148
144	150
144	149
145	150
145	149
144	149
145	148
144	149
144	148
144	149
145	148
145	148
144	148
144	147
144	146
143	148
145	148
145	148
145	148
145	148
145	148
145	148
145	147
145	147
145	146
145	147
145	146
145	145
145	144
145	144
146	144
146	141
145	140
145	142
146	141
145	143
145	142
145	142
146	142
146	142
145	140
146	140
146	140
144	140
145	139
146	140
146	139
145	140
146	141
146	141
145	143
144	142
145	145
145	144
145	145
144	144
146	145
146	145
145	143
145	143
145	145
146	146
146	144
146	146
147	144
146	145
146	144
147	143
147	143
149	143
153	145
157	139
161	141
163	142
167	141
171	142
174	141
177	140
181	140
183	140
186	140
190	139
195	138
197	138
201	137
204	138
208	138
212	138
215	138
217	138
220	139
223	139
225	140
227	140
230	141
232	142
234	144
236	145
238	145
240	145
243	145
244	147
246	147
247	146
249	147
251	148
257	150
256	149
256	150
257	151
257	151
258	151
259	151
260	152
261	151
262	152
263	151
264	152
265	152
265	152
265	150
266	153
266	152
266	152
267	153
266	151
265	151
265	150
266	152
265	151
267	152
265	153
265	153
265	154
265	154
264	156
264	155
263	156
263	157
263	157
263	158
262	158
262	159
263	160
263	162
262	162
262	162
262	163
262	163
263	164
262	165
262	165
262	165
262	166
262	166
263	167
263	167
263	167
263	168
263	168
262	167
262	168
264	168
264	169
263	168
264	168
264	169
264	168
264	168
264	169
264	169
265	168
266	169
266	169
265	169
267	169
265	169
266	170
266	169
266	170
267	169
265	169
268	170
266	170
267	171
266	170
267	171
267	170
267	170
267	170
268	170
267	171
267	170
267	171
267	171
267	171
267	171
267	172
267	172
267	173
266	173
266	173
266	173
266	173
267	172
267	173
267	172
267	173
266	172
268	172
268	172
267	172
267	172
266	172
267	171
267	171
267	171
267	171
266	172
267	173
267	172
267	172
266	172
266	172
266	172
267	172
267	172
267	172
268	172
268	172
268	173
268	173
267	172
269	172
269	171
268	172
268	172
268	171
269	172
270	171
271	171
271	171
272	172
272	171
272	170
273	171
273	172
273	172
274	172
274	171
274	173
275	172
274	172
274	172
274	172
274	172
275	173
275	172
275	173
275	172
276	173
275	171
275	173
276	173
275	173
275	173
275	175
277	174
275	173
276	173
274	173
276	174
276	175
276	174
275	174
275	174
275	174
275	173
275	173
276	173
275	173
276	173
275	172
275	173
275	172
275	173
275	171
275	173
275	172
275	174
275	172
275	173
275	173
275	173
275	172
275	174
275	173
275	173
275	172
275	173
274	172
274	172
274	171
275	173
275	172
274	172
276	174
275	173
275	172
275	171
275	171
275	172
275	171
276	171
275	170
276	171
277	173
277	170
276	171
276	171
277	170
276	171
277	172
277	171
277	171
277	171
277	171
278	171
277	171
277	173
278	172
278	174
277	171
280	172
280	172
280	172
280	172
279	171
279	171
280	171
280	171
280	171
280	171
281	172
280	171
280	171
280	171
280	171
280	171
280	174
280	171
280	171
280	171
280	170
281	170
281	172
281	172
281	170
281	170
281	168
281	168
281	168
280	168
280	168
281	168
280	168
280	171
280	170
281	170
281	170
280	168
281	169
279	168
278	169
277	166
278	165
277	165
276	165
276	165
277	165
276	165
276	165
277	165
277	164
277	164
277	164
277	164
277	164
277	164
277	164
277	165
277	165
276	164
278	165
277	165
277	165
277	165
277	165
277	166
277	167
278	166
277	167
277	166
277	167
277	167
277	168
277	168
277	167
277	167
277	168
277	168
277	168
277	167
277	167
277	167
277	166
276	167
276	166
277	166
277	165
275	165
275	165
275	165
275	164
275	164
275	164
274	164
275	164
275	164
275	164
276	163
276	162
275	162
275	162
276	162
276	161
275	162
275	162
274	162
274	163
275	162
274	162
274	162
274	162
274	163
274	164
274	164
274	164
274	164
274	164
274	164
275	164
274	164
274	165
275	165
275	164
275	166
275	165
274	166
275	166
275	166
275	166
275	166
276	166
275	165
276	166
276	166
276	166
276	165
275	164
275	165
276	164
275	165
275	165
275	165
275	164
275	164
275	165
275	164
276	164
275	163
275	164
274	163
273	162
271	160
270	158
266	157
264	154
262	153
260	152
258	152
255	149
253	148
250	147
249	146
246	144
243	144
241	143
238	143
237	143
234	143
232	142
229	142
227	141
224	141
221	141
219	141
217	141
213	142
210	142
209	142
207	142
205	143
202	143
200	143
198	143
194	144
193	144
190	143
188	143
186	143
184	144
181	146
179	145
177	144
175	144
172	146
170	143
167	145
166	146
165	146
163	145
162	146
161	146
160	148
159	149
157	148
156	147
155	148
155	148
154	149
153	151
153	150
155	143
154	149
153	150
155	150
155	149
153	148
156	149
155	151
156	150
155	150
156	149
156	147
157	151
157	149
156	148
157	147
157	150
156	147
157	147
157	147
157	149
156	149
157	149
156	147
156	147
156	147
156	149
156	147
156	146
156	149
156	148
155	147
155	146
156	145
155	147
154	148
154	148
155	147
154	147
154	149
155	149
154	148
154	147
155	149
155	148
155	148
154	148
155	147
155	149
154	150
154	148
155	147
154	150
153	151
155	150
154	149
155	151
156	151
155	152
155	153
155	152
155	152
155	152
155	151
155	151
155	151
155	154
154	154
154	154
155	153
154	153
155	151
155	150
155	151
155	153
155	151
155	153
156	152
156	154
156	154
156	152
156	155
156	153
154	154
151	156
149	156
147	157
146	157
146	159
146	159
145	158
144	158
145	159
146	157
147	159
147	157
147	159
147	155
148	155
148	156
149	158
148	158
149	157
149	157
150	157
150	158
149	157
150	156
150	154
149	153
150	157
150	156
150	156
150	154
150	156
150	156
150	157
150	157
150	157
150	154
150	159
150	157
150	156
150	157
150	156
151	155
151	154
150	154
151	158
151	156
150	155
151	155
151	158
151	158
151	160
151	157
151	158
151	158
151	156
150	157
151	159
149	157
150	157
151	155
151	155
150	156
151	156
150	157
151	155
151	156
151	156
151	155
151	156
151	156
152	156
152	153
152	152
152	153
152	154
151	154
151	154
151	152
151	152
151	152
148	154
150	152
150	154
150	154
151	155
150	153
151	154
151	154
150	152
150	155
150	153
150	155
150	157
150	156
150	156
149	156
150	156
150	156
150	157
150	156
150	156
150	155
150	156
149	152
150	154
150	155
150	155
149	155
149	155
150	155
149	155
150	155
149	154
149	156
149	152
150	155
149	157
149	156
149	157
147	156
148	155
148	155
147	154
148	154
148	154
147	154
146	155
146	154
147	155
147	153
147	155
147	153
147	154
147	151
145	151
146	150
146	151
145	151
145	149
145	150
145	150
144	150
145	147
145	147
144	148
145	148
145	148
144	147
145	147
145	148
145	147
145	146
144	147
144	147
144	147
144	148
144	149
144	147
144	148
144	149
144	149
143	150
144	151
144	149
144	151
144	150
144	151
144	150
144	151
143	151
144	151
144	151
145	152
145	152
144	153
145	152
145	152
143	153
143	153
145	153
147	153
150	152
155	150
160	148
164	148
167	149
171	149
175	148
177	145
182	148
184	150
190	150
191	150
196	151
199	149
202	150
205	149
209	150
213	150
216	150
218	149
221	150
224	150
227	150
229	151
232	151
233	151
234	152
237	153
239	155
240	155
242	155
245	156
246	157
248	158
249	159
250	159
253	160
254	161
254	161
256	162
257	163
257	164
259	165
260	165
260	165
260	166
261	167
261	169
262	168
262	167
263	168
262	168
262	168
262	169
262	169
261	170
263	168
262	168
263	169
263	169
263	168
263	169
263	168
263	167
263	169
264	168
263	168
264	167
264	168
264	168
264	169
264	169
264	168
264	168
264	168
264	169
264	168
263	168
264	169
264	171
264	169
264	170
264	171
264	171
263	170
265	171
264	171
264	172
264	173
264	173
264	173
264	173
264	175
264	173
264	174
264	175
264	175
264	175
265	175
265	175
264	176
266	175
265	176
265	175
265	176
265	176
265	176
265	176
265	176
265	176
266	177
265	177
265	176
265	177
265	176
266	176
265	176
266	177
265	177
266	177
266	177
266	177
266	176
267	175
267	176
267	176
267	176
267	175
267	175
268	176
268	175
268	176
267	174
268	175
268	174
268	174
268	174
268	175
268	174
268	175
269	175
268	174
268	175
268	176
268	176
269	175
269	175
269	176
270	174
269	174
269	175
269	175
270	175
270	175
269	176
269	175
270	176
269	176
270	176
271	175
272	176
271	177
270	175
272	175
271	174
272	174
271	174
272	174
271	174
271	174
272	174
271	174
271	174
271	173
271	174
271	174
271	174
271	173
271	172
271	174
272	175
271	174
272	173
272	173
271	174
270	174
271	174
272	174
272	174
272	174
271	175
270	174
271	174
271	175
271	174
271	174
271	175
272	174
272	174
272	173
272	173
271	173
271	174
270	173
269	174
270	173
269	174
272	173
270	174
270	174
269	173
270	174
270	174
270	174
270	173
270	174
270	174
270	173
270	174
270	173
270	173
270	173
270	172
270	172
270	172
269	172
269	173
271	174
271	172
270	172
270	171
270	173
269	172
269	171
270	172
270	172
270	172
269	173
268	173
269	172
268	172
268	172
269	173
268	173
270	173
268	173
268	173
269	176
268	172
268	172
269	173
270	171
269	173
271	172
269	172
268	173
269	173
269	172
269	171
268	171
269	172
269	174
267	175
268	172
268	172
268	171
268	172
269	172
269	171
269	171
268	172
267	171
267	171
269	170
268	168
269	168
268	167
268	168
268	168
267	168
268	167
267	167
267	167
266	167
267	167
267	168
266	167
267	168
266	168
266	168
265	169
266	169
266	168
266	169
266	170
266	169
265	171
264	173
264	172
263	172
260	174
258	176
258	179
257	179
142	147
142	146
140	144
149	140
139	142
148	137
138	143
136	144
135	146
135	148
134	147
134	148
135	149
135	150
136	150
136	152
135	152
135	155
134	156
135	155
135	156
136	155
137	155
136	158
136	156
135	157
135	157
134	160
133	161
132	163
133	160
133	161
134	161
132	161
134	160
133	159
132	159
132	160
133	160
132	159
133	160
133	158
133	158
133	156
133	158
132	155
132	158
133	155
132	155
133	156
133	155
133	157
132	157
133	157
133	157
133	155
133	160
133	158
134	159
132	156
133	159
134	155
134	160
134	161
134	161
134	158
134	160
135	158
135	159
134	162
135	160
134	162
135	163
135	162
135	162
134	161
135	161
135	159
135	159
135	161
136	175
135	161
135	161
136	160
136	160
135	159
135	160
135	160
135	160
135	160
135	159
135	160
135	160
135	162
134	161
134	162
134	162
134	159
134	159
134	161
134	161
134	162
133	162
134	163
134	162
134	162
134	163
134	163
134	162
134	162
134	163
134	162
134	166
134	164
134	165
134	164
134	165
133	167
133	167
134	165
133	165
133	166
133	166
133	167
133	167
133	164
133	165
133	165
133	164
134	165
134	164
134	164
134	164
133	165
133	165
132	165
132	166
133	165
133	165
134	164
133	166
134	163
133	162
134	163
133	161
134	162
134	163
135	164
135	163
135	164
134	162
135	163
133	162
134	163
134	163
134	164
133	163
134	163
135	163
135	162
121	167
139	161
141	158
143	157
144	156
143	158
140	158
144	159
144	157
145	155
144	156
145	158
144	159
144	155
144	156
145	157
145	158
144	156
145	158
144	156
144	156
144	159
144	157
146	157
145	157
145	157
145	157
145	156
145	157
145	157
145	160
145	158
145	159
146	157
145	158
146	157
146	157
145	157
146	157
146	156
146	157
146	157
147	157
147	155
147	156
147	155
146	154
146	155
145	155
146	154
146	153
146	153
147	154
147	153
147	152
147	153
146	153
146	152
146	153
147	153
147	153
147	153
147	152
147	151
147	152
147	152
146	152
146	153
146	150
147	153
146	152
146	151
146	152
146	153
146	154
146	154
146	154
146	153
145	155
146	154
147	154
146	154
146	153
146	154
146	153
146	155
146	154
145	154
144	155
144	154
145	155
145	154
143	153
145	154
145	154
145	154
144	154
145	153
145	153
145	152
145	152
145	151
145	153
145	153
145	152
144	151
144	151
144	151
144	151
145	151
145	150
145	149
144	148
144	147
145	147
145	148
145	148
145	147
144	146
146	146
146	145
146	145
145	144
146	142
146	144
147	142
148	142
148	143
148	144
149	144
149	145
149	144
150	144
150	145
150	145
150	145
150	146
150	144
154	145
158	143
161	143
165	145
168	144
172	142
176	147
178	147
182	148
185	148
188	146
190	146
193	146
195	146
199	146
202	146
204	146
208	146
211	146
213	146
215	146
218	146
221	147
222	147
224	147
226	147
229	146
231	147
234	147
234	147
236	147
238	147
239	147
241	147
241	148
243	148
244	148
245	149
246	150
246	150
247	152
248	152
248	152
250	153
250	155
253	156
254	152
255	158
256	158
256	158
257	160
259	161
260	161
260	162
260	162
261	162
262	163
263	164
264	166
264	165
265	167
266	168
265	166
266	168
267	167
266	167
268	169
268	170
270	172
269	167
268	168
269	168
270	170
271	170
271	168
271	168
269	166
270	169
270	166
271	168
271	167
270	166
271	167
271	167
271	168
272	170
270	167
270	167
271	167
271	168
270	168
271	168
271	169
270	168
269	166
271	168
270	171
272	169
269	170
269	169
269	172
269	171
269	171
269	172
270	173
270	174
269	175
269	175
269	174
269	174
269	177
268	176
268	176
268	175
268	176
268	176
267	175
269	175
268	175
268	176
268	175
268	174
267	175
267	175
267	174
269	179
268	176
268	175
268	175
267	175
267	177
267	176
267	175
267	175
267	175
268	175
267	175
267	175
267	175
268	176
268	178
268	175
267	176
269	178
267	176
267	176
268	177
268	178
267	178
267	178
267	177
268	178
268	179
266	178
267	180
268	184
267	180
266	179
267	180
268	179
269	182
267	180
267	179
267	179
267	179
268	178
268	178
267	178
268	180
267	179
269	182
268	179
268	180
268	178
268	178
268	178
268	181
268	180
268	181
267	180
269	180
268	178
269	180
269	180
268	179
268	180
268	181
269	180
268	180
269	180
269	180
269	181
269	181
270	181
270	182
271	181
271	180
271	180
271	180
272	180
271	180
272	182
272	181
273	181
273	180
272	180
272	181
272	181
272	180
271	181
271	181
271	179
272	179
272	180
272	179
272	180
271	179
272	179
273	181
273	180
272	180
274	181
273	179
271	177
271	178
272	178
272	178
272	179
273	181
271	179
272	180
270	179
271	179
270	179
272	180
270	177
270	177
270	177
269	177
270	177
270	178
270	177
270	177
270	178
270	178
270	178
269	177
270	179
271	180
269	176
270	175
270	176
270	175
270	174
271	176
270	174
271	175
270	174
271	176
271	175
270	175
270	173
271	174
270	173
271	172
271	173
272	173
271	172
270	171
272	172
272	172
271	172
272	172
272	172
272	173
272	173
271	174
272	174
272	179
273	175
273	177
271	173
272	174
271	176
271	175
271	176
271	175
271	175
270	175
270	175
271	175
271	173
272	175
271	175
271	175
271	173
271	174
271	173
271	175
271	174
270	174
269	170
272	173
271	172
269	170
269	170
269	170
269	169
269	169
269	168
268	168
268	167
268	167
270	167
269	168
268	166
270	167
269	168
268	168
268	168
269	169
268	167
266	167
265	164
262	163
259	160
258	159
254	157
252	155
249	154
246	152
243	151
241	150
237	149
235	148
232	147
229	147
226	146
223	146
220	145
217	145
215	145
212	145
210	144
206	145
201	144
199	143
197	144
194	144
192	145
189	146
186	146
185	147
182	147
181	148
179	148
176	149
174	147
171	147
169	147
166	146
165	146
164	144
163	144
162	144
161	143
161	143
160	145
159	145
159	145
158	145
156	145
155	146
154	146
153	147
152	149
150	149
151	150
151	152
150	151
149	153
149	152
150	153
150	152
150	153
149	154
149	156
148	153
147	157
147	156
145	157
146	157
145	157
146	154
146	156
147	155
147	157
147	156
149	157
148	157
149	155
149	155
149	155
150	154
150	157
150	156
150	156
150	156
151	157
150	157
151	156
150	154
151	155
150	155
150	155
150	156
150	156
151	155
151	154
148	155
150	155
150	156
149	155
150	155
150	154
150	152
150	153
149	153
150	153
150	151
150	152
148	157
149	154
151	152
151	156
151	155
150	156
149	156
150	156
150	155
150	153
151	155
151	155
150	155
151	154
150	156
151	155
151	156
151	156
151	156
151	157
151	153
151	154
151	152
151	156
151	156
152	153
150	153
151	154
151	154
151	154
151	157
152	158
150	157
151	156
152	156
151	154
151	157
152	157
151	154
152	157
151	156
152	155
150	155
151	158
150	155
151	155
151	155
151	154
151	155
151	156
151	152
148	153
149	154
146	154
145	155
143	158
144	158
143	158
143	158
143	158
142	157
144	158
145	158
144	157
144	156
145	157
145	157
146	157
146	157
145	158
144	158
145	157
145	156
144	155
144	157
144	156
144	159
145	159
145	158
145	158
145	158
145	158
145	158
145	159
145	158
146	159
146	158
145	159
145	159
145	159
145	159
145	161
146	160
145	160
146	159
146	159
146	159
146	157
146	161
146	157
146	159
147	159
146	157
146	158
147	156
145	161
147	160
146	160
146	160
146	158
146	159
146	158
146	159
146	159
146	159
146	159
146	161
146	161
146	159
146	158
147	157
146	161
145	159
146	158
146	160
146	159
146	156
146	158
146	158
146	156
146	158
146	159
147	158
145	161
146	160
146	158
146	159
147	158
147	158
147	157
147	160
146	160
146	159
146	160
147	159
147	161
147	161
147	161
146	160
146	160
146	158
146	159
147	159
146	159
146	159
146	160
146	159
146	160
146	160
147	159
147	160
146	159
146	160
145	157
146	159
147	160
146	158
146	157
146	159
146	159
146	160
146	160
145	157
146	157
146	157
145	157
145	161
145	158
145	161
145	158
145	159
145	160
145	158
146	158
146	158
146	157
146	158
145	159
146	157
146	158
145	157
146	157
145	157
145	157
145	154
145	151
147	152
146	154
146	153
146	153
146	153
147	152
146	150
146	151
146	152
147	153
147	152
147	153
147	151
147	151
147	151
147	151
147	149
148	148
148	150
147	149
147	148
148	147
148	149
147	151
147	151
146	151
147	151
148	152
149	151
152	149
157	150
160	150
163	150
167	154
169	153
173	154
177	154
180	155
183	154
185	155
188	155
192	155
195	156
196	155
202	155
205	154
208	154
209	155
214	154
217	154
220	154
222	154
225	154
226	154
229	155
231	155
233	155
235	155
237	155
239	156
242	156
243	156
245	156
246	156
249	158
249	158
251	159
252	160
253	160
253	161
256	162
257	163
260	164
260	165
259	166
260	167
261	168
261	169
261	169
262	170
262	170
261	171
261	171
261	171
261	173
262	174
262	174
262	173
262	174
264	173
264	174
264	174
264	174
264	173
265	174
265	173
264	172
265	173
264	171
264	171
265	171
265	171
265	169
264	170
264	168
263	169
265	168
265	168
264	169
264	168
264	169
263	168
266	168
265	168
265	167
265	167
265	167
264	169
264	168
264	168
263	169
264	170
264	169
264	170
265	170
263	170
263	171
262	171
263	172
263	172
262	172
263	173
263	173
262	173
262	174
263	174
263	174
262	174
262	175
262	174
262	175
262	175
262	175
261	175
261	175
261	175
261	174
261	176
261	174
262	174
262	174
262	174
262	175
261	175
261	175
261	175
261	173
262	174
262	174
262	175
262	177
262	176
261	174
261	174
262	173
262	172
262	174
263	174
261	173
262	173
262	174
263	174
262	172
262	173
262	173
263	174
263	174
264	174
263	174
263	175
263	174
263	174
263	174
264	175
264	176
263	175
263	175
262	176
264	175
264	176
263	176
265	177
264	176
264	176
264	176
264	176
264	175
263	177
263	177
263	177
263	177
263	177
264	177
262	177
262	177
263	177
263	176
263	175
264	176
264	175
263	174
263	173
263	173
263	172
263	172
263	172
263	171
264	172
263	171
264	173
263	173
263	171
264	171
263	170
264	171
264	171
263	170
262	169
259	169
256	167
254	166
250	165
249	163
244	164
242	162
239	161
236	161
232	160
228	159
226	159
223	159
221	158
217	159
214	159
210	159
206	160
203	160
202	159
199	159
194	160
191	161
189	162
189	161
186	161
184	161
183	161
182	160
180	162
177	162
176	155
174	159
172	164
172	162
170	163
169	163
167	164
166	164
165	164
165	159
163	163
153	157
150	161
157	157
160	158
158	161
160	161
158	162
159	160
159	160
158	161
158	161
157	162
157	162
158	159
157	159
158	160
157	159
158	157
159	158
160	158
160	158
160	158
160	158
160	159
158	158
157	158
159	157
159	162
159	158
159	158
159	157
159	160
160	160
159	159
159	159
159	158
159	157
158	158
159	158
158	159
158	158
159	159
158	159
159	160
158	160
158	160
156	157
156	156
157	157
156	160
156	157
156	159
156	158
158	159
157	159
157	159
156	158
157	160
156	158
157	157
156	156
157	158
157	158
157	158
156	158
157	159
157	159
156	158
152	157
156	159
153	157
153	159
152	157
150	159
148	157
147	159
144	157
144	158
144	159
143	160
143	160
143	159
143	160
143	159
140	159
143	159
144	159
146	159
146	158
146	158
146	157
146	156
146	154
147	154
147	157
146	156
145	152
147	151
147	157
149	153
147	157
147	158
148	158
148	159
148	156
148	159
148	157
148	159
148	159
148	158
148	157
148	159
148	158
148	160
149	161
148	160
149	161
148	161
147	161
146	162
149	160
149	160
148	159
148	159
148	159
155	152
148	158
148	158
148	158
149	158
148	158
148	157
148	158
148	158
148	157
148	157
149	157
147	157
146	157
149	159
148	159
149	160
149	160
149	160
149	159
149	159
147	159
148	159
147	159
148	159
148	159
148	160
148	159
148	156
148	157
148	158
150	159
149	157
148	156
149	156
149	157
150	159
149	157
147	157
146	156
144	158
144	159
145	160
143	159
145	158
145	161
145	159
145	159
145	161
146	159
146	160
147	160
146	160
146	160
146	160
146	161
146	161
146	160
146	160
146	160
146	159
146	159
146	160
146	160
146	159
146	159
146	159
146	160
146	160
146	159
146	160
146	159
146	159
147	159
147	159
147	158
146	159
146	160
146	159
148	159
147	158
146	158
147	154
146	159
147	157
146	159
147	158
146	159
146	160
146	159
147	158
146	159
146	158
146	159
146	159
146	159
145	160
146	160
147	159
147	160
146	159
145	160
146	160
146	159
146	160
147	160
147	160
148	160
148	160
147	159
148	159
148	160
148	160
148	159
148	160
148	160
148	160
149	160
149	160
149	160
150	159
148	160
149	161
149	161
149	163
148	159
146	157
148	159
150	159
149	159
149	158
149	159
150	159
149	159
149	159
149	159
149	158
149	159
149	161
149	160
149	160
149	160
149	158
149	161
149	161
148	161
148	161
148	160
148	160
148	160
148	161
147	162
147	162
147	162
147	162
147	162
146	162
145	161
145	161
145	162
146	162
146	160
145	161
145	161
146	162
146	162
145	162
145	162
144	162
144	163
145	161
145	161
146	160
146	160
146	161
145	161
145	161
144	159
145	161
145	161
145	162
145	160
145	161
145	159
144	160
144	160
145	158
145	158
145	158
145	158
144	158
144	158
144	158
144	157
144	158
144	158
143	158
141	159
143	158
143	158
143	158
143	156
142	156
143	154
143	154
143	150
144	153
143	155
144	154
144	152
145	154
144	153
144	154
143	153
145	151
145	151
144	154
143	154
145	153
145	153
145	152
144	152
144	153
144	153
145	153
145	151
145	151
145	151
145	152
144	152
144	153
144	154
146	155
145	154
144	156
143	156
136	157
133	159
149	155
157	149
159	155
165	151
264	157
262	155
268	162
266	159
267	159
268	160
267	159
266	158
268	159
265	156
264	152
265	156
263	151
265	155
263	153
265	156
265	157
265	158
268	161
266	159
265	160
267	161
266	161
266	162
268	166
265	162
265	163
264	163
265	165
267	168
266	167
267	168
267	169
265	167
266	170
265	168
265	168
265	169
264	169
264	170
265	171
266	171
265	170
266	171
266	172
266	171
266	171
265	173
266	172
266	173
266	172
266	171
265	172
265	173
265	172
266	174
267	174
266	173
266	174
267	175
265	174
266	174
266	175
265	175
265	176
266	177
266	177
266	175
267	176
268	176
268	177
268	177
267	177
267	176
267	175
267	176
268	177
268	177
267	177
269	177
269	176
269	179
268	177
268	176
268	176
267	175
266	175
267	175
269	176
269	176
268	175
269	175
268	174
269	174
269	173
269	176
270	174
270	175
270	173
270	174
270	175
270	174
270	173
270	174
271	176
270	177
268	176
269	175
271	175
268	175
271	176
269	175
269	175
269	176
269	176
270	180
269	176
269	180
270	180
270	178
270	177
271	177
272	178
270	177
271	178
272	179
272	179
271	178
271	177
271	177
271	178
272	177
273	178
273	177
272	175
272	176
273	176
273	177
273	177
272	176
271	176
272	175
272	176
273	176
272	176
272	176
272	175
272	176
271	176
272	176
272	177
272	177
272	177
272	177
272	177
273	178
273	178
273	178
272	177
273	178
274	178
274	179
273	178
273	178
273	179
272	178
272	178
274	179
272	178
274	179
273	179
274	179
273	177
273	178
273	178
273	178
272	177
272	178
273	178
272	179
273	179
272	178
272	179
272	179
273	180
273	180
273	180
272	180
272	181
272	180
271	180
271	180
272	181
272	180
272	181
272	180
272	183
272	183
273	181
271	182
273	184
272	180
271	180
271	180
271	180
271	180
271	180
272	180
271	180
271	180
271	180
272	182
271	181
271	181
271	181
270	181
270	182
270	182
269	181
269	181
270	183
270	182
270	182
270	183
270	183
270	184
270	184
269	183
269	183
269	182
269	182
269	183
269	185
269	185
268	183
268	185
268	183
269	186
268	184
269	186
267	183
267	182
265	181
264	179
261	178
260	177
257	175
252	173
251	172
248	171
246	170
243	170
241	169
238	168
234	168
232	167
231	166
226	165
223	164
218	165
216	165
215	165
209	166
206	166
204	167
201	168
199	168
195	168
194	169
191	171
189	171
186	171
182	172
175	165
177	173
165	168
171	167
171	169
169	169
168	169
167	174
166	171
165	171
163	174
162	174
162	176
161	172
161	176
160	174
160	174
158	176
149	179
151	179
144	177
152	181
153	175
154	180
152	180
154	176
144	178
145	179
143	176
152	179
152	177
152	177
152	178
153	179
154	175
153	174
153	177
153	178
152	175
153	178
153	177
153	177
154	177
152	175
152	176
151	179
151	178
152	173
152	176
148	173
153	176
148	176
148	175
149	175
153	175
153	176
145	175
150	175
148	177
150	175
153	176
151	175
154	175
154	178
154	175
154	179
151	178
154	182
150	178
149	178
150	177
150	177
153	175
153	181
153	174
153	174
150	178
152	178
153	173
152	180
153	179
153	178
150	177
137	181
136	181
137	182
153	171
154	171
150	177
149	181
149	178
153	180
136	181
153	181
153	180
150	180
161	173
137	181
155	175
157	171
148	177
145	171
125	184
122	187
151	172
137	179
151	173
146	174
122	188
138	183
139	183
125	188
124	188
138	184
139	181
144	184
144	183
143	185
143	184
143	184
143	184
143	184
143	184
143	185
142	185
143	185
143	185
142	183
142	185
142	185
142	185
142	183
142	184
142	182
141	182
141	183
141	185
141	184
140	183
141	182
141	180
140	181
140	181
140	181
139	180
139	180
139	178
139	179
139	178
139	176
139	175
140	176
140	175
139	176
139	175
140	173
139	174
139	174
139	173
140	172
140	171
139	172
139	171
139	171
139	170
139	169
140	169
140	168
140	170
140	171
140	170
140	170
141	169
141	169
141	170
141	170
141	170
141	170
141	171
141	171
141	171
141	172
141	172
141	174
141	173
140	174
140	175
140	174
140	175
140	176
